community1	community2	category	lstm-3-0_cos_sim	lstm-3-1_cos_sim	lstm-3-2_cos_sim	lstm-3-3_cos_sim	transformer-3-0_cos_sim	transformer-3-1_cos_sim	transformer-3-2_cos_sim	transformer-3-3_cos_sim	snap_cos_sim
streetwear	Jokes	other	-0.04217224940657616	-0.004710258916020393	-0.03404435142874718	-0.02076302096247673	-0.04764019697904587	0.013597792945802212	0.09376990050077438	0.04684920608997345	0.021575626414077113
streetwear	MaddenUltimateTeam	other	0.375140905380249	0.35532060265541077	0.18464131653308868	0.12247099727392197	0.2967960834503174	0.32224762439727783	0.3494164049625397	0.2198197841644287	0.3763984271623208
streetwear	cringe	other	0.18482650816440582	0.17608588933944702	-0.006219593342393637	0.14884205162525177	0.14803928136825562	0.10019014030694962	0.19077153503894806	0.167696014046669	0.27802649055034456
streetwear	CFB	other	0.2929821014404297	-0.10204051434993744	-0.01748112589120865	0.018646931275725365	-0.12386815994977951	0.0353902168571949	0.157370924949646	0.03558192774653435	0.09214820218263041
streetwear	food	other	0.2089618295431137	0.5201625823974609	0.2629382312297821	0.10582583397626877	0.10768123716115952	0.09946396946907043	0.006041442044079304	-0.011500380001962185	0.010613061176616999
streetwear	pcmasterrace	other	0.16593872010707855	0.3288760781288147	0.12629595398902893	-0.054279912263154984	0.14954392611980438	0.13878440856933594	0.07741725444793701	0.09183042496442795	0.19237471688875105
streetwear	jailbreak	other	0.21576936542987823	0.13195686042308807	0.1789969652891159	0.1134728416800499	0.15632264316082	0.14171986281871796	0.0026373951695859432	-0.0022524783853441477	0.32519278000821744
streetwear	MLS	other	0.04827771335840225	-0.2627834975719452	-0.11405341327190399	-0.06910600513219833	-0.09420786052942276	-0.2029644250869751	-0.08237292617559433	-0.18855725228786469	0.34904036814540335
streetwear	MMA	other	0.26231732964515686	0.05122097581624985	0.052618350833654404	-0.0068180798552930355	0.002329688984900713	-0.014950769022107124	0.004741395823657513	0.09003926813602448	0.2712814505139515
streetwear	rupaulsdragrace	other	0.4029194116592407	0.3788769543170929	0.13681361079216003	0.10317882150411606	0.19757790863513947	0.118412546813488	0.08730785548686981	0.214146688580513	0.1129778281948478
streetwear	GlobalOffensive	other	0.15294770896434784	0.2762860953807831	0.16572682559490204	0.1657314896583557	0.017348311841487885	0.11690137535333633	0.22765283286571503	0.12984225153923035	0.3231305708601979
streetwear	bodybuilding	other	0.300651878118515	0.49952149391174316	0.5167465209960938	0.29588738083839417	0.3415212333202362	0.31263089179992676	0.2734500765800476	0.20187169313430786	0.4082984103230686
streetwear	Kappa	other	0.2983722388744354	0.38968774676322937	0.39801743626594543	0.29860758781433105	0.3347620368003845	0.24846041202545166	0.24500083923339844	0.31802448630332947	0.12899021861802698
streetwear	videos	other	-0.043615929782390594	0.061972685158252716	0.004650723189115524	-0.058441925793886185	-0.16981737315654755	-0.020833751186728477	0.012666989117860794	-0.08152201026678085	0.06938160792731238
streetwear	reddevils	other	-0.041578616946935654	-0.23995862901210785	-0.20387791097164154	0.010253139771521091	0.10105767846107483	-0.01662335731089115	-0.05833230912685394	-0.09858033806085587	0.43084030776300386
streetwear	todayilearned	other	-0.2649628221988678	-0.24556851387023926	-0.12024332582950592	-0.19845470786094666	-0.1422964483499527	-0.20137685537338257	-0.11296717822551727	-0.18518897891044617	-0.06887025370782877
streetwear	KerbalSpaceProgram	other	-0.1603691726922989	-0.34368810057640076	-0.1262919157743454	-0.2030455470085144	-0.2064857929944992	-0.5128527283668518	-0.5598627924919128	-0.30291748046875	0.18411913061386234
streetwear	justneckbeardthings	other	0.11316655576229095	-0.021924570202827454	0.1812063753604889	0.2944048047065735	0.2358189821243286	0.2563357949256897	0.30729344487190247	0.2796782851219177	0.052125547718501856
streetwear	LifeProTips	other	0.25006812810897827	-0.0326664075255394	-0.16360251605510712	0.04097988083958626	-0.06841844320297241	0.025485539808869362	0.0168432779610157	-0.01997576467692852	0.05272267740389716
streetwear	airsoft	other	0.3810758888721466	0.42443618178367615	0.30322813987731934	0.19480855762958527	0.2619413733482361	0.2968956232070923	0.3014386296272278	0.2828046381473541	0.2140176552017519
streetwear	GameDeals	other	-0.14345896244049072	0.022274302318692207	0.08197306841611862	0.1372414380311966	0.14495031535625458	0.13769125938415527	0.046659596264362335	0.06591562181711197	0.1658838297804759
streetwear	toronto	other	0.1062045693397522	-0.4505590498447418	0.05156448110938072	-0.0005607124767266214	-0.08021853119134903	0.06454183161258698	0.10924698412418365	-0.20556606352329254	0.14371907833973596
streetwear	eu4	other	-0.4695182144641876	-0.26028504967689514	-0.11542674154043198	0.06287824362516403	0.045576438307762146	-0.13223940134048462	-0.016618637368083	0.008368430659174919	0.3550496382474052
streetwear	cars	other	0.012342723086476326	0.0820624828338623	-0.1374339610338211	0.12178438901901245	0.1570098102092743	0.12466175854206085	0.1265896111726761	0.11574233323335648	0.15851558492314136
streetwear	Warframe	other	-0.5197701454162598	0.009030692279338837	-0.06904078274965286	-0.23117993772029877	-0.21111299097537994	-0.07052117586135864	-0.14971575140953064	-0.2013874500989914	0.21428344462599944
streetwear	EarthPorn	other	0.07295607775449753	0.10778584331274033	0.2963602542877197	0.03831556439399719	0.05775173380970955	0.1649925410747528	0.12919601798057556	0.0726044550538063	0.1009013947746184
streetwear	techsupport	other	-0.07929202914237976	-0.006732965353876352	-0.11032571643590927	-0.03719642013311386	0.04210854321718216	-0.09578998386859894	-0.10725733637809753	-0.04141339659690857	0.19066216060987876
streetwear	heroesofthestorm	other	-0.30606207251548767	0.061367105692625046	-0.0887526124715805	-0.03737347573041916	-0.3975623548030853	-0.148386612534523	-0.36033469438552856	-0.035872362554073334	0.1717688449977222
streetwear	Drugs	other	-0.3058587312698364	0.1397714465856552	0.18902181088924408	0.2984428405761719	0.24184156954288483	0.24116407334804535	0.18790948390960693	0.32620686292648315	0.4541972248062651
streetwear	oculus	other	-0.15417197346687317	-0.28181755542755127	0.0894530639052391	-0.5202119946479797	-0.19345861673355103	-0.2419053316116333	-0.11184502393007278	-0.2704370617866516	0.07488227406649209
streetwear	KotakuInAction	other	-0.38212767243385315	-0.03051215037703514	-0.016796855255961418	0.004430877044796944	-0.11255168169736862	-0.04241875186562538	0.014034674502909184	-0.07053196430206299	-0.0014265176313609036
streetwear	exjw	other	-0.38905569911003113	-0.49895909428596497	-0.05885026603937149	-0.19704118371009827	-0.11821827292442322	-0.23277784883975983	-0.11208416521549225	-0.07919486612081528	0.1355531692375535
streetwear	stopdrinking	other	-0.12015984207391739	-0.09114629775285721	-0.36070021986961365	-0.2904207706451416	-0.39065244793891907	-0.36594268679618835	-0.39243316650390625	-0.2998008131980896	0.21079544152951504
streetwear	AskWomen	other	-0.023261524736881256	-0.10141339153051376	-0.2859216034412384	0.11016330868005753	-0.10862144082784653	0.04303637892007828	-0.01050584577023983	0.01804029941558838	0.20579309378960828
streetwear	EDH	other	-0.06745229661464691	0.04085515812039375	-0.14003850519657135	-0.07677532732486725	-0.014920909889042377	-0.1245066225528717	0.10423070937395096	-0.11356773972511292	0.2493732882149707
streetwear	photography	other	0.23314087092876434	0.30262231826782227	0.026751842349767685	0.0017645999323576689	0.03676454722881317	0.04835793003439903	0.07975558936595917	0.16641701757907867	0.12577360925323805
streetwear	Fantasy	other	-0.18360525369644165	-0.18886680901050568	-0.23807238042354584	-0.12400864064693451	-0.23684409260749817	-0.05220399424433708	-0.27076074481010437	-0.03635206073522568	0.10907070749337511
streetwear	femalefashionadvice	other	0.4644128978252411	0.35960426926612854	0.4451647102832794	0.5325105786323547	0.4226287305355072	0.4669121205806732	0.3502618968486786	0.5393487811088562	0.43226911245876193
streetwear	breakingmom	other	0.021609796211123466	-0.3625032603740692	-0.09527648985385895	-0.21103762090206146	-0.19063137471675873	-0.20339545607566833	-0.19674979150295258	-0.23490718007087708	0.38222095978849674
streetwear	BabyBumps	other	0.08963299542665482	-0.26646992564201355	-0.06173117458820343	-0.3230002522468567	-0.1710728108882904	-0.21420468389987946	-0.19881385564804077	-0.19059167802333832	0.28352471324449946
streetwear	explainlikeimfive	other	-0.3606571853160858	-0.3227340281009674	-0.2911587357521057	-0.3769092261791229	-0.44297465682029724	-0.31799378991127014	-0.3319014310836792	-0.41112378239631653	0.08728440802283025
streetwear	xxfitness	other	0.08028236776590347	-0.04292010888457298	0.05038757622241974	0.010595197789371014	-0.06330014020204544	-0.06022465229034424	-0.21785610914230347	-0.06878417730331421	0.4103450605408371
streetwear	TwoXChromosomes	other	-0.42485806345939636	-0.3987870216369629	-0.371942400932312	-0.1967584639787674	-0.2812405824661255	-0.245552197098732	-0.07994773238897324	-0.25254109501838684	0.10270012375507001
streetwear	Advice	other	-0.17412017285823822	-0.17318803071975708	-0.387691855430603	-0.050757165998220444	-0.16190792620182037	-0.10516494512557983	-0.04094889014959335	-0.021711071953177452	0.2508197826915798
streetwear	relationships	other	-0.17750059068202972	-0.3602192997932434	-0.36614707112312317	-0.22890828549861908	-0.20926746726036072	-0.227776437997818	-0.19354033470153809	-0.1851213127374649	0.3036671130763076
Jokes	MaddenUltimateTeam	other	0.0037634491454809904	-0.15731292963027954	-0.1013173907995224	0.027222542092204094	-0.18014244735240936	-0.13889995217323303	-0.21247951686382294	-0.0075384750962257385	-0.06861110797598657
Jokes	cringe	other	0.5867970585823059	0.4540044367313385	0.4780930280685425	0.6185331344604492	0.7035185098648071	0.6050470471382141	0.6296908259391785	0.6427167057991028	0.3703454827133359
Jokes	CFB	other	0.08577027171850204	0.2919112741947174	0.24439369142055511	0.13539472222328186	0.13329949975013733	0.06658216565847397	0.06771758198738098	0.22480343282222748	0.06900600002234343
Jokes	food	other	0.32450786232948303	0.2312467396259308	0.29744377732276917	0.44670119881629944	0.41933849453926086	0.41997313499450684	0.3160107731819153	0.42558133602142334	0.26519731837449934
Jokes	pcmasterrace	other	0.17452654242515564	0.2596680521965027	0.06790527701377869	0.10151725262403488	0.1467815339565277	0.11749575287103653	0.1575264036655426	-0.13894115388393402	0.17631885885859683
Jokes	jailbreak	other	-0.37879011034965515	-0.1729690581560135	0.03232840076088905	0.12392479926347733	-0.07099589705467224	-0.08108900487422943	-0.01740659587085247	0.12514466047286987	0.07920521605034142
Jokes	MLS	other	-0.07295545935630798	0.08281239867210388	0.018220707774162292	0.005668876692652702	0.07964369654655457	-0.009770277887582779	0.002793442690744996	0.0303206630051136	0.006924512713718352
Jokes	MMA	other	0.01736089214682579	-0.01994297280907631	0.055875424295663834	-0.01669609360396862	-0.0035966227296739817	-0.08108895272016525	-0.15857869386672974	-0.09052467346191406	0.09150234748477637
Jokes	rupaulsdragrace	other	0.016814913600683212	-0.07781866937875748	-0.03731707111001015	0.1565408706665039	0.21153943240642548	0.16396743059158325	0.29610633850097656	0.21576310694217682	0.0727746634295799
Jokes	GlobalOffensive	other	-0.14524869620800018	-0.1680089384317398	-0.02205645479261875	-0.06460925936698914	0.13783906400203705	0.03374558314681053	0.1997590810060501	0.03886089473962784	0.20988578177566994
Jokes	bodybuilding	other	0.11311616748571396	-0.010198569856584072	0.1816335916519165	0.04590610787272453	-0.07329981029033661	-8.545518358005211e-05	-0.0839487761259079	0.00964813306927681	0.08379109681187666
Jokes	Kappa	other	0.23745344579219818	0.2399320751428604	0.11159145832061768	0.12229608744382858	-0.0007070254068821669	0.028668105602264404	0.18734093010425568	0.11332842707633972	0.12380173875429744
Jokes	videos	other	0.5597758293151855	0.5789362192153931	0.5262977480888367	0.6238691806793213	0.7338546514511108	0.6723716259002686	0.6532955765724182	0.6198518872261047	0.28105091053215325
Jokes	reddevils	other	-0.22104060649871826	-0.11099971830844879	-0.05387338250875473	-0.2658839523792267	-0.11765777319669724	-0.25650545954704285	-0.12123053520917892	-0.10933542996644974	0.07716078671294643
Jokes	todayilearned	other	0.5978391766548157	0.4105776846408844	0.5977507829666138	0.6826514005661011	0.654784083366394	0.6143710613250732	0.675791323184967	0.6685653328895569	0.5725542665732736
Jokes	KerbalSpaceProgram	other	0.009689006954431534	0.07800015807151794	-0.032187484204769135	0.09274342656135559	-0.014879440888762474	0.23011095821857452	0.03641537204384804	0.12719608843326569	0.2797226613493202
Jokes	justneckbeardthings	other	0.48553788661956787	0.5586206316947937	0.529350757598877	0.5459043979644775	0.6693872213363647	0.6260407567024231	0.5221954584121704	0.548882007598877	0.39247229918158477
Jokes	LifeProTips	other	0.21611885726451874	0.37391728162765503	0.3723822236061096	0.4168779253959656	0.32010483741760254	0.5153619050979614	0.424123078584671	0.3268184959888458	0.7506159620656232
Jokes	airsoft	other	-0.2392311841249466	-0.0626373365521431	0.06801430135965347	-0.169622540473938	0.024645326659083366	-0.05179526284337044	-0.13271328806877136	0.0016666611190885305	0.13327427513136833
Jokes	GameDeals	other	-0.16893701255321503	-0.07893617451190948	-0.4154609739780426	-0.1840684860944748	-0.24631619453430176	-0.1528806984424591	-0.3765323758125305	-0.23356178402900696	0.01895176163130899
Jokes	toronto	other	0.006734232883900404	0.21849173307418823	-0.009646838530898094	-0.0597478449344635	-0.032216887921094894	0.13470333814620972	-0.05824121832847595	0.06153397262096405	0.14313722251167668
Jokes	eu4	other	0.043439943343400955	0.3713221549987793	-0.1834116280078888	0.08750976622104645	0.1027357205748558	0.17136822640895844	0.05206192657351494	0.07767359912395477	0.1632630001024451
Jokes	cars	other	-0.07451672106981277	-0.0016238437965512276	0.1596640944480896	-0.055146459490060806	-0.08666221797466278	0.0729169175028801	-0.11805334687232971	0.034710247069597244	0.078511462334772
Jokes	Warframe	other	0.06530618667602539	-0.1095103845000267	0.024305162951350212	-0.19182425737380981	-0.1665993332862854	-0.02828049659729004	0.013149806298315525	-0.057508014142513275	-0.053969002463999494
Jokes	EarthPorn	other	0.13917386531829834	0.31599605083465576	0.2650313377380371	0.25281453132629395	0.4026034474372864	0.2339707612991333	0.2530534565448761	0.327386736869812	0.26228298058693483
Jokes	techsupport	other	-0.2032078057527542	-0.0792231336236	-0.17718489468097687	-0.21398183703422546	-0.13778498768806458	-0.10454011708498001	-0.08942927420139313	-0.32242247462272644	0.1688234020015379
Jokes	heroesofthestorm	other	-0.23273992538452148	-0.12339181452989578	-0.28024280071258545	-0.3581531047821045	-0.14011310040950775	-0.2246083915233612	-0.03549027442932129	-0.4173003137111664	0.04214903692254606
Jokes	Drugs	other	0.037157151848077774	-0.2801491320133209	-0.23817755281925201	-0.00911067146807909	0.11614127457141876	-0.0804130956530571	0.012041645124554634	0.05453268438577652	0.05913930599482024
Jokes	oculus	other	-0.38267841935157776	-0.39858439564704895	-0.3359333276748657	-0.2609166204929352	-0.24305596947669983	-0.4663664698600769	-0.37162327766418457	-0.48277541995048523	-0.09579429810333528
Jokes	KotakuInAction	other	0.062462352216243744	0.08159847557544708	0.048796962946653366	-0.016204850748181343	0.08236486464738846	0.11489470303058624	0.003382100025191903	-0.03789500519633293	0.05217569067126631
Jokes	exjw	other	0.30086323618888855	0.03768322616815567	0.1547173708677292	0.24897854030132294	0.15806271135807037	0.24499662220478058	0.22917456924915314	0.17906558513641357	0.12697264542638947
Jokes	stopdrinking	other	-0.09304434806108475	-0.04936262592673302	-0.1050918772816658	-0.03313223272562027	-0.18258905410766602	-0.19270803034305573	0.08563368022441864	-0.15813882648944855	0.1285548197863791
Jokes	AskWomen	other	0.2114454209804535	-0.03054386004805565	0.15356040000915527	0.17898529767990112	0.22495178878307343	0.22877448797225952	0.1953510344028473	0.22200624644756317	0.24195185796962498
Jokes	EDH	other	-0.12716080248355865	0.15196529030799866	0.0005524033913388848	-0.09909706562757492	-0.20937837660312653	-0.15690183639526367	-0.3688507080078125	-0.04318322241306305	0.15570735930460453
Jokes	photography	other	-0.37843501567840576	-0.2644255459308624	-0.07968635857105255	-0.46793949604034424	-0.2790466248989105	-0.30385148525238037	-0.2629753649234772	-0.4291893541812897	-0.0028359934189106034
Jokes	Fantasy	other	-0.030032336711883545	0.012851875275373459	0.026571618393063545	0.047739192843437195	-0.02697313018143177	-0.1836625188589096	-0.18926243484020233	-0.056800372898578644	0.02843483861486701
Jokes	femalefashionadvice	other	-0.24113352596759796	-0.47179746627807617	-0.40800896286964417	-0.4352438747882843	-0.43614429235458374	-0.3406967520713806	-0.27268484234809875	-0.36838671565055847	0.09167535872032534
Jokes	breakingmom	other	0.21472139656543732	0.10797508805990219	0.1377040445804596	0.20782645046710968	0.1814083307981491	0.1642683893442154	0.2456430196762085	0.1323503851890564	-0.03894127527872402
Jokes	BabyBumps	other	0.024072468280792236	-0.3015541136264801	-0.23111507296562195	-0.11392229795455933	-0.08810549229383469	-0.24926242232322693	-0.03169644996523857	-0.13027295470237732	0.07479437817420319
Jokes	explainlikeimfive	other	0.16244107484817505	0.23310929536819458	0.25026026368141174	0.4376817047595978	0.18544942140579224	0.3420860767364502	0.19465717673301697	0.22701925039291382	0.6722996001544487
Jokes	xxfitness	other	-0.20557214319705963	-0.4913383722305298	-0.13320142030715942	-0.31827396154403687	-0.4875723421573639	-0.2824900448322296	-0.3948502838611603	-0.4349556267261505	0.10285151452870828
Jokes	TwoXChromosomes	other	-0.09823092818260193	-0.08728396892547607	-0.00019578025967348367	-0.0061783865094184875	0.16256433725357056	0.04092865064740181	0.07263089716434479	0.03136961907148361	0.23372848313984484
Jokes	Advice	other	-0.10210452228784561	-0.22274458408355713	-0.10248459875583649	-0.19736678898334503	-0.19982269406318665	-0.16457226872444153	-0.0625472366809845	-0.1165599599480629	0.42034948173833764
Jokes	relationships	other	-0.03659738227725029	-0.10531359910964966	-0.03661901131272316	-0.05418569967150688	-0.00889545027166605	-0.034102000296115875	0.039950985461473465	0.05057300999760628	0.2594154439819508
MaddenUltimateTeam	cringe	other	-0.13911741971969604	-0.11479677259922028	-0.22460539638996124	-0.14102163910865784	-0.14158476889133453	-0.3142298460006714	-0.0207805335521698	-0.06219201534986496	-0.03615747765141155
MaddenUltimateTeam	CFB	different	0.2634703814983368	0.25249525904655457	0.31712591648101807	0.3947013020515442	0.43495649099349976	0.47132667899131775	0.39886710047721863	0.44431284070014954	0.22524672250400635
MaddenUltimateTeam	food	other	0.1945776790380478	-0.13580898940563202	0.15415330231189728	0.049540866166353226	0.11265197396278381	0.006409435532987118	-0.08497528731822968	-0.027494613081216812	-0.05940714155615596
MaddenUltimateTeam	pcmasterrace	different	0.14620906114578247	-0.1479891836643219	0.2497415691614151	0.2326776385307312	0.18065378069877625	0.23068013787269592	0.08865807950496674	0.23084717988967896	0.007293425423804055
MaddenUltimateTeam	jailbreak	different	0.1864183396100998	0.33082500100135803	0.19397304952144623	-0.044819485396146774	0.15223267674446106	0.14867474138736725	0.05859411135315895	0.14078016579151154	0.27209283539342083
MaddenUltimateTeam	MLS	different	-0.003441191976889968	0.1836925595998764	-0.08396323025226593	0.25509485602378845	0.24544620513916016	0.13660584390163422	0.22302617132663727	0.1867658495903015	0.23741759899724266
MaddenUltimateTeam	MMA	different	0.25822803378105164	-0.06152622774243355	0.10139508545398712	0.1851520985364914	0.2152896374464035	0.12514248490333557	0.3246433734893799	0.16957376897335052	0.3962368673740329
MaddenUltimateTeam	rupaulsdragrace	other	-0.07100403308868408	0.21096624433994293	-0.0009620985365472734	-0.16437414288520813	-0.18139255046844482	-0.20837557315826416	-0.12243051826953888	-0.3801930248737335	0.16182286820170277
MaddenUltimateTeam	GlobalOffensive	videogames	-0.002517178189009428	0.24174048006534576	0.2059372514486313	0.08856388181447983	0.13194040954113007	0.05677913501858711	0.014844449236989021	0.11739207804203033	-0.0027545344392814163
MaddenUltimateTeam	bodybuilding	other	0.38663241267204285	0.1349216103553772	0.22073964774608612	0.11453905701637268	0.16177542507648468	0.2155274748802185	0.1817440390586853	0.1701427400112152	0.13664469582511524
MaddenUltimateTeam	Kappa	other	0.05225882679224014	0.3540929853916168	0.09483398497104645	0.2198932021856308	0.1836300492286682	0.15213166177272797	0.1489853411912918	0.1046219989657402	0.1889190348361152
MaddenUltimateTeam	videos	other	-0.08619659394025803	-0.4411788880825043	-0.22189882397651672	-0.23721206188201904	-0.22000892460346222	-0.24120374023914337	-0.2101859152317047	-0.2170623391866684	-0.035413956975464005
MaddenUltimateTeam	reddevils	different	0.17509737610816956	0.1579870581626892	0.1945812851190567	0.2239052802324295	0.24623163044452667	0.24010822176933289	0.2697782516479492	0.1882285475730896	0.27758525470526796
MaddenUltimateTeam	todayilearned	different	-0.18483981490135193	-0.5906338095664978	-0.265441358089447	-0.2552827000617981	-0.24913150072097778	-0.23558782041072845	-0.37661445140838623	-0.3107272684574127	-0.01693551537142208
MaddenUltimateTeam	KerbalSpaceProgram	videogames	-0.22011250257492065	-0.2538241446018219	-0.24003246426582336	-0.28963005542755127	-0.4073171317577362	-0.01824718713760376	-0.27271774411201477	-0.05188598856329918	0.06708865172741535
MaddenUltimateTeam	justneckbeardthings	other	-0.13391724228858948	-0.34023886919021606	-0.3368879556655884	-0.21955521404743195	-0.28652557730674744	-0.25894007086753845	-0.3161713480949402	-0.0026217533741146326	-0.07519358277160675
MaddenUltimateTeam	LifeProTips	different	0.04142479971051216	-0.29239630699157715	-0.05179211497306824	-0.007104013115167618	-0.21533572673797607	-0.15570344030857086	-0.08664141595363617	0.053110793232917786	-0.04265347521315403
MaddenUltimateTeam	airsoft	other	0.2801719903945923	0.3547476828098297	-0.0436093807220459	-0.0610901415348053	0.15242382884025574	0.18990647792816162	0.07590371370315552	0.19127561151981354	0.0829381594931358
MaddenUltimateTeam	GameDeals	other	0.22234275937080383	0.1499876081943512	0.31050384044647217	0.20309534668922424	0.2827872633934021	0.2542884349822998	0.22847968339920044	0.1616164594888687	0.3100181594162405
MaddenUltimateTeam	toronto	other	-0.2643931806087494	-0.20666512846946716	-0.2612115740776062	-0.19880172610282898	-0.06982395052909851	-0.06797777116298676	0.009960277937352657	-0.2530345022678375	0.2797230991049762
MaddenUltimateTeam	eu4	videogames	0.23001928627490997	-0.13578473031520844	0.05428822711110115	0.0751778855919838	-0.08324895799160004	0.07493183761835098	-0.00849867332726717	0.010676288977265358	0.30176280734028815
MaddenUltimateTeam	cars	other	-0.04310878738760948	0.0986628532409668	0.16863146424293518	0.06651364266872406	0.08831147849559784	0.2139616161584854	0.16114486753940582	0.07458190619945526	0.1862565396920951
MaddenUltimateTeam	Warframe	videogames	0.1429259479045868	0.0456993468105793	0.18342381715774536	0.10601698607206345	0.17691147327423096	0.11488757282495499	0.08689811080694199	-0.24847863614559174	0.2113952182496264
MaddenUltimateTeam	EarthPorn	other	-0.12177154421806335	-0.1012057512998581	-0.12145606428384781	0.06508783996105194	-0.02759481780230999	-0.10618690401315689	-0.22260655462741852	-0.0655495747923851	-0.0376818600019531
MaddenUltimateTeam	techsupport	different	0.026155570521950722	-0.2919369339942932	-0.01847403682768345	0.028259051963686943	0.03276596590876579	0.06898901611566544	0.13185714185237885	-0.05107023939490318	0.001412718544391162
MaddenUltimateTeam	heroesofthestorm	videogames	0.38195210695266724	0.2064533531665802	0.1794985979795456	0.04276164993643761	0.17387285828590393	0.10994789004325867	0.10217995941638947	0.039783455431461334	0.26297143304440906
MaddenUltimateTeam	Drugs	other	-0.02548389509320259	-0.07165462523698807	0.023765215650200844	0.06078777462244034	0.1136273518204689	0.19500333070755005	0.1420549750328064	0.09119237214326859	0.16872257010162373
MaddenUltimateTeam	oculus	different	-0.4202035963535309	-0.1841053068637848	-0.08883065730333328	-0.0399983674287796	-0.08413304388523102	-0.17506720125675201	-0.1099996268749237	0.028502512723207474	0.0763959502670568
MaddenUltimateTeam	KotakuInAction	other	-0.36235877871513367	-0.10500621795654297	-0.3293546736240387	-0.5633903741836548	-0.29722869396209717	-0.2946412265300751	-0.4069612920284271	-0.47754010558128357	0.30417224144206745
MaddenUltimateTeam	exjw	other	-0.49723392724990845	-0.32759496569633484	-0.19212105870246887	-0.495216965675354	-0.11076324433088303	-0.2575526833534241	-0.07136838138103485	0.04963216558098793	0.07917757047740422
MaddenUltimateTeam	stopdrinking	other	-0.11451976746320724	0.1848849505186081	0.0737605094909668	0.1029905453324318	0.07103322446346283	-0.036174919456243515	0.10134917497634888	0.21948766708374023	0.16866122992654736
MaddenUltimateTeam	AskWomen	different	-0.049282342195510864	-0.10394570976495743	-0.32735946774482727	-0.1355062574148178	-0.4159424901008606	-0.4874466359615326	-0.45358461141586304	-0.23111219704151154	0.09480857164083267
MaddenUltimateTeam	EDH	videogames	0.02907331846654415	0.36556509137153625	-0.17840048670768738	0.1407429575920105	0.17747092247009277	0.14349476993083954	0.13574081659317017	0.18536272644996643	0.2047657397958156
MaddenUltimateTeam	photography	other	-0.5653466582298279	-0.14122892916202545	-0.31702715158462524	-0.027738044038414955	-0.07284048944711685	-0.5032532215118408	-0.22078701853752136	-0.018154827877879143	0.17801168876819934
MaddenUltimateTeam	Fantasy	other	-0.2492973804473877	0.1382710486650467	-0.07062157988548279	-0.034654565155506134	-0.09948132932186127	-0.06732659786939621	-0.06566318869590759	0.07362600415945053	0.1963386943528053
MaddenUltimateTeam	femalefashionadvice	different	0.08704837411642075	0.0406140573322773	0.10581552237272263	-0.18146079778671265	-0.167631134390831	-0.11162097007036209	-0.163587287068367	-0.16624701023101807	0.29052518829548146
MaddenUltimateTeam	breakingmom	different	0.024416659027338028	-0.18466173112392426	0.0393490344285965	0.1764962375164032	0.06900589913129807	0.17446886003017426	0.018487555906176567	0.07606424391269684	0.21444455315560182
MaddenUltimateTeam	BabyBumps	different	0.09331747889518738	0.12064838409423828	-0.026293018832802773	0.09245297312736511	0.07245710492134094	0.08715260773897171	-0.18110303580760956	-0.06471875309944153	0.17165068141962522
MaddenUltimateTeam	explainlikeimfive	different	-0.39777642488479614	-0.40152624249458313	-0.3485221862792969	-0.4200509786605835	-0.39291396737098694	-0.35466769337654114	-0.5273340344429016	-0.3836240768432617	-0.04477805081648996
MaddenUltimateTeam	xxfitness	different	0.20781604945659637	-0.021620336920022964	0.23926909267902374	-0.0976308062672615	-0.09793758392333984	-0.04546559229493141	-0.1063108965754509	-0.1325857788324356	0.17473483356918174
MaddenUltimateTeam	TwoXChromosomes	different	-0.39229685068130493	-0.3446400463581085	-0.5623964667320251	-0.4438066780567169	-0.6064974665641785	-0.5439972877502441	-0.6207836270332336	-0.43793752789497375	0.04448033906578142
MaddenUltimateTeam	Advice	different	0.02221117727458477	0.006218421272933483	-0.3143846392631531	0.03389343246817589	-0.250417023897171	-0.211663156747818	0.15126948058605194	0.04277384281158447	0.1120532805851529
MaddenUltimateTeam	relationships	different	-0.2118905782699585	-0.19815611839294434	-0.3002690076828003	0.05994153767824173	-0.3949859142303467	-0.3163239657878876	-0.0725429430603981	-0.03311263769865036	0.22568027794217665
cringe	CFB	other	0.1058957502245903	0.3354114294052124	-0.004326631315052509	0.05408121272921562	0.13150958716869354	0.10229030251502991	0.09929127246141434	0.05735694244503975	0.1481325125847255
cringe	food	other	-0.0473872572183609	0.031494829803705215	0.227145716547966	0.1000184565782547	0.17253412306308746	0.0011580795980989933	0.05298217758536339	-0.049793142825365067	0.15379708143113377
cringe	pcmasterrace	other	0.21607288718223572	0.016250161454081535	0.08515004068613052	-0.027307670563459396	0.0381554551422596	-0.0021356765646487474	0.03356974944472313	-0.18058663606643677	0.24439857816156357
cringe	jailbreak	other	-0.41013267636299133	-0.2631749212741852	-0.2857268452644348	-0.11364869773387909	-0.1084507629275322	-0.13532020151615143	-0.05014888197183609	0.0604914091527462	0.1144687499578527
cringe	MLS	other	-0.236276313662529	0.09998390823602676	0.07797398418188095	0.024324115365743637	0.18577419221401215	0.09559855610132217	0.06982363015413284	0.14971689879894257	0.09993377083201069
cringe	MMA	other	0.3627638518810272	0.44883304834365845	0.5714937448501587	0.3646095097064972	0.40432432293891907	0.34896320104599	0.43466606736183167	0.33276042342185974	0.35129035322747154
cringe	rupaulsdragrace	other	0.230588898062706	0.13223448395729065	0.4724230170249939	0.28135377168655396	0.36817437410354614	0.4186203181743622	0.39323675632476807	0.4154525101184845	0.19183251112085217
cringe	GlobalOffensive	other	-0.13643942773342133	0.17260083556175232	-0.1763845831155777	0.1363101303577423	0.2670181691646576	0.19762718677520752	0.05120570585131645	0.2189234048128128	0.19266896660324814
cringe	bodybuilding	other	-0.04300766438245773	0.17551189661026	-0.09197305142879486	0.11659983545541763	0.14237916469573975	0.1459657847881317	0.07338474690914154	0.1008247584104538	0.33823524950340284
cringe	Kappa	other	0.2924146056175232	0.3546700179576874	0.19914910197257996	0.2463836967945099	0.41058802604675293	0.2785576283931732	0.27784839272499084	0.33699214458465576	0.12794979110436003
cringe	videos	other	0.768287181854248	0.8254824876785278	0.8501437306404114	0.8823336362838745	0.7554430365562439	0.8843627572059631	0.8275542259216309	0.7290089726448059	0.6455196188705076
cringe	reddevils	other	-0.135231614112854	0.02913481555879116	0.11317813396453857	-0.04014598950743675	-0.035165704786777496	0.05489053949713707	0.0901152491569519	0.09227626025676727	0.17989726846377022
cringe	todayilearned	other	0.4693434536457062	0.347969651222229	0.6104955673217773	0.49998947978019714	0.36751991510391235	0.40838128328323364	0.3829811215400696	0.44698038697242737	0.42492080846985214
cringe	KerbalSpaceProgram	other	-0.15042689442634583	0.017315510660409927	0.12481530755758286	-0.24053612351417542	-0.09794410318136215	-0.1095067709684372	-0.12243121862411499	-0.1446889340877533	0.3432718033945678
cringe	justneckbeardthings	other	0.5149223208427429	0.32130756974220276	0.5556637048721313	0.631812334060669	0.5987672209739685	0.6071467995643616	0.5591626763343811	0.6262943148612976	0.6960802238815451
cringe	LifeProTips	other	0.058657482266426086	0.030101291835308075	0.3019629716873169	0.3194468319416046	0.13490377366542816	0.27605506777763367	0.2289080172777176	0.0718502402305603	0.3843555445812937
cringe	airsoft	other	0.16352973878383636	-0.14721985161304474	-0.31661269068717957	0.01118162740021944	-0.025757713243365288	-0.16450881958007812	0.1127958595752716	-0.06086399406194687	0.2093816840323239
cringe	GameDeals	other	-0.37664079666137695	0.03320665284991264	-0.14996303617954254	-0.378448486328125	-0.21980510652065277	-0.4182164669036865	-0.4291423559188843	-0.41370856761932373	0.05918629839025762
cringe	toronto	other	0.11048528552055359	0.3001856803894043	0.16487839818000793	0.15188802778720856	0.03973768278956413	0.18831191956996918	0.1526498645544052	0.08589949458837509	0.2787499820522589
cringe	eu4	other	-0.3683237135410309	-0.2810158133506775	-0.37603336572647095	-0.4070589542388916	-0.26706382632255554	-0.38181960582733154	-0.43091148138046265	-0.397158682346344	0.22697738903398912
cringe	cars	other	0.25180763006210327	0.2078835368156433	0.024731894955039024	0.14093241095542908	0.008607166819274426	0.1801062375307083	-0.019756749272346497	0.008173881098628044	0.1442418699881813
cringe	Warframe	other	0.16152222454547882	-0.30595266819000244	-0.07739245146512985	-0.2027408480644226	-0.2197972685098648	-0.11263567209243774	-0.15514563024044037	-0.11691298335790634	0.007997440694366935
cringe	EarthPorn	other	-0.0419413261115551	0.08174550533294678	0.22806572914123535	0.0826326385140419	0.13706667721271515	-0.03112044744193554	-0.04716595634818077	0.043099336326122284	0.3046307957050191
cringe	techsupport	other	-0.14676183462142944	-0.35625210404396057	-0.29554465413093567	-0.21757858991622925	-0.22274360060691833	-0.27729400992393494	-0.15806664526462555	-0.4252781867980957	0.24099049269815306
cringe	heroesofthestorm	other	-0.29144102334976196	-0.028064824640750885	-0.3410939574241638	-0.33531317114830017	0.0008335012244060636	-0.09189774096012115	-0.056362319737672806	-0.17877238988876343	0.1329607924296159
cringe	Drugs	other	-0.12836068868637085	-0.22269071638584137	-0.006425296887755394	0.07458769530057907	0.038219667971134186	-0.04590912535786629	0.047589246183633804	0.08721969276666641	0.3113553711072077
cringe	oculus	other	-0.24795399606227875	-0.05679639056324959	-0.13098718225955963	-0.1680484265089035	-0.1167927235364914	-0.14106951653957367	0.04653019830584526	-0.1427430510520935	0.2655937543330115
cringe	KotakuInAction	other	0.27785584330558777	0.1537623256444931	0.24029242992401123	0.2264135181903839	0.18407315015792847	0.32310861349105835	0.17257347702980042	0.285218209028244	0.3360941544257098
cringe	exjw	other	0.09530307352542877	-0.05695837363600731	0.15788394212722778	0.1452813446521759	-0.16902431845664978	0.15093713998794556	0.13601455092430115	0.13945960998535156	0.1853933032612551
cringe	stopdrinking	other	-0.25628602504730225	-0.13262660801410675	-0.2549910545349121	-0.33778002858161926	-0.2885495722293854	-0.27921271324157715	0.015098191797733307	-0.2256193906068802	0.13791463901244538
cringe	AskWomen	other	0.13476310670375824	-0.10271219164133072	0.14385445415973663	0.09291674196720123	0.12555599212646484	0.17896249890327454	0.0416976697742939	0.1156587153673172	0.12128557503417403
cringe	EDH	other	0.07770851254463196	-0.1691567301750183	-0.21420930325984955	-0.1902986317873001	-0.3350889980792999	-0.1793617606163025	-0.34978023171424866	-0.22758418321609497	0.16465206791295756
cringe	photography	other	0.005179899279028177	-0.02181326411664486	-0.044140156358480453	-0.1437034159898758	-0.04608715698122978	-0.11131764203310013	-0.005363957025110722	-0.18691855669021606	0.0843074351050194
cringe	Fantasy	other	-0.10948807001113892	-0.0324646420776844	-0.017559409141540527	-0.20768097043037415	-0.10874968022108078	-0.2944479286670685	0.018996642902493477	-0.11332137882709503	0.1505822881425704
cringe	femalefashionadvice	other	-0.06617548316717148	-0.48717573285102844	-0.17279335856437683	-0.37206366658210754	-0.37481334805488586	-0.3399520218372345	-0.2888551652431488	-0.38241687417030334	0.002647573679957427
cringe	breakingmom	other	-0.04846297204494476	0.18885642290115356	-0.03997764736413956	-0.08045859634876251	-0.02862238511443138	-0.003176111960783601	-0.046630874276161194	-0.006737227085977793	-0.026025105992835793
cringe	BabyBumps	other	-0.22859878838062286	-0.2208116352558136	-0.36651748418807983	-0.3207213282585144	-0.2956615090370178	-0.38394615054130554	-0.39159125089645386	-0.28745925426483154	-0.07132256290143611
cringe	explainlikeimfive	other	-0.061700835824012756	-0.19200927019119263	0.17638741433620453	0.3014557957649231	-0.10076319426298141	0.19801673293113708	0.016299957409501076	-0.019409945234656334	0.41637192327590394
cringe	xxfitness	other	-0.28220871090888977	-0.4044394791126251	-0.38395947217941284	-0.33472588658332825	-0.42564624547958374	-0.2797604203224182	-0.39543595910072327	-0.45620036125183105	0.03654116367422131
cringe	TwoXChromosomes	other	-0.12948422133922577	-0.1844259649515152	0.08366034179925919	0.14334334433078766	0.0858163833618164	0.1784926801919937	-0.036887772381305695	0.05660393089056015	0.23537545986754863
cringe	Advice	other	-0.22068600356578827	-0.031501900404691696	0.16522866487503052	0.0704859122633934	-0.02713390439748764	-0.0027532123494893312	0.10912736505270004	0.04713272675871849	0.2629417558200652
cringe	relationships	other	0.21439765393733978	0.24948500096797943	0.1145322397351265	0.08247716724872589	0.19921289384365082	0.16488014161586761	0.16153362393379211	0.16721013188362122	0.09791793249403175
CFB	food	other	0.004233979620039463	-0.1279047429561615	0.034453555941581726	0.008311120793223381	0.03846665471792221	-0.25617527961730957	-0.2048378586769104	0.06700749695301056	-0.0027053106225906976
CFB	pcmasterrace	different	-0.146515354514122	-0.12092138081789017	-0.11943095922470093	-0.03405885025858879	-0.17026987671852112	0.028964899480342865	-0.16279533505439758	-0.08940514177083969	0.04133551426633503
CFB	jailbreak	different	0.15394610166549683	-0.3689926564693451	-0.07605891674757004	-0.30515220761299133	-0.00685740215703845	0.04486021399497986	-0.3811415433883667	-0.12645059823989868	0.12406155340724595
CFB	MLS	sports	0.4736233353614807	0.6454845666885376	0.5572465658187866	0.4999094605445862	0.5453597903251648	0.5651261210441589	0.45710623264312744	0.6073741316795349	0.4344887838990593
CFB	MMA	sports	0.26761841773986816	0.5689303874969482	0.24317088723182678	0.28749051690101624	0.20060202479362488	0.2252570390701294	0.33534467220306396	0.3068823516368866	0.10893856428072292
CFB	rupaulsdragrace	other	0.34634700417518616	0.12081529200077057	0.07670392841100693	0.036564797163009644	0.1510389745235443	0.024422433227300644	0.24215707182884216	0.0012128094676882029	0.09535884389877572
CFB	GlobalOffensive	different	-0.04439646005630493	0.005272595211863518	-0.015963610261678696	-0.012696048244833946	0.13319031894207	0.07652989774942398	0.3369394838809967	0.040695589035749435	0.07855503613706515
CFB	bodybuilding	other	-0.020851336419582367	-0.3461754322052002	-0.16236786544322968	0.05780314654111862	0.020946744829416275	-0.02990264818072319	-0.08921974897384644	-0.1236724853515625	0.1304596331274588
CFB	Kappa	other	0.06551119685173035	0.37472137808799744	0.35244226455688477	-0.09835859388113022	0.057786379009485245	-0.04086041823029518	0.008002474904060364	0.0708782821893692	0.07867733644513615
CFB	videos	other	0.28912338614463806	0.21583716571331024	-0.01643473468720913	0.17267321050167084	0.09520397335290909	0.10001933574676514	0.19689761102199554	0.07482056319713593	0.07391617656747206
CFB	reddevils	sports	0.33158549666404724	0.3707031011581421	0.26161500811576843	0.30975615978240967	0.33909228444099426	0.3062141239643097	0.2960495054721832	0.3710753619670868	0.33455271794551505
CFB	todayilearned	different	0.3358266353607178	0.06474603712558746	0.1750689148902893	0.16130220890045166	0.02418539859354496	0.12520301342010498	0.15999287366867065	0.10701878368854523	0.13196135926426708
CFB	KerbalSpaceProgram	different	0.1553611308336258	-0.03181033581495285	-0.26250016689300537	-0.10283893346786499	-0.2645677924156189	-0.06613271683454514	-0.35346531867980957	-0.17491066455841064	0.04227383910604133
CFB	justneckbeardthings	other	-0.29771101474761963	0.22906139492988586	0.10885584354400635	-0.42481598258018494	-0.03161035478115082	-0.04127541556954384	-0.23601728677749634	-0.25293058156967163	0.21877017284161923
CFB	LifeProTips	different	0.0990973487496376	-0.18984468281269073	-0.23483502864837646	-0.2943130433559418	-0.09664306789636612	-0.3264579176902771	-0.2578307092189789	-0.1421709507703781	0.12531249251969448
CFB	airsoft	other	0.2525721788406372	0.24124100804328918	-0.19382767379283905	0.06341257691383362	0.12013408541679382	0.018882988020777702	-0.13618838787078857	-0.1513340175151825	-0.08895767768810697
CFB	GameDeals	other	-0.31375324726104736	-0.05426183342933655	-0.028048299252986908	-0.10274454951286316	-0.0668255090713501	-0.09057816863059998	-0.2640751898288727	-0.047226302325725555	0.023254415368521807
CFB	toronto	other	0.3907524347305298	0.3106883466243744	0.18104837834835052	0.170625239610672	0.2443588227033615	0.10058633238077164	0.024050969630479813	0.1920992136001587	0.2089407502835968
CFB	eu4	different	0.2199893593788147	-0.03795989975333214	0.2708718180656433	0.013556448742747307	0.11203659325838089	0.03624434024095535	0.03321623057126999	0.15369397401809692	0.07854030347246199
CFB	cars	other	-0.19954557716846466	0.32224324345588684	-0.004473800305277109	0.17289146780967712	-0.1099136620759964	0.018783478066325188	0.08641749620437622	0.10351545363664627	0.01931549987860038
CFB	Warframe	different	-0.2281493991613388	0.09936174005270004	0.14879119396209717	-0.3011256456375122	0.1533619910478592	-0.4490883946418762	0.18391835689544678	-0.40693312883377075	0.04312141011439957
CFB	EarthPorn	other	-0.15357089042663574	0.07612306624650955	0.15834589302539825	0.008557873778045177	0.25763922929763794	0.11458882689476013	0.07796643674373627	0.23170293867588043	0.15832378627959406
CFB	techsupport	different	-0.07390562444925308	-0.5442483425140381	-0.19887256622314453	0.13488264381885529	-0.3478112518787384	-0.04775261878967285	-0.13656564056873322	0.05985279753804207	0.050241903531184844
CFB	heroesofthestorm	different	-0.0394020713865757	-0.19686999917030334	0.018397100269794464	0.16054512560367584	-0.06369194388389587	-0.04019378125667572	0.009002471342682838	0.11214267462491989	0.08114425539619163
CFB	Drugs	other	-0.4025827646255493	-0.335814505815506	-0.4877544939517975	-0.011772175319492817	-0.5352836847305298	-0.23676566779613495	-0.037398528307676315	-0.1354665905237198	0.11533665718202098
CFB	oculus	different	-0.05969490855932236	0.13820524513721466	-0.002564510330557823	-0.18473784625530243	-0.15948733687400818	-0.05064941197633743	-0.05988794565200806	-0.3134616017341614	0.1533354486733874
CFB	KotakuInAction	other	-0.18877479434013367	0.28016653656959534	0.20892024040222168	-0.04588082805275917	0.058556750416755676	0.1794128119945526	0.05916590988636017	-0.2680645287036896	0.2624475550818822
CFB	exjw	other	-0.2350987046957016	-0.14918440580368042	0.058924753218889236	0.09457174688577652	0.14719156920909882	0.2595876157283783	0.127083882689476	0.06460995227098465	0.17238282387880127
CFB	stopdrinking	other	0.043721213936805725	-0.16516193747520447	0.12030855566263199	-0.012690870091319084	-0.08787314593791962	-0.031201057136058807	0.1251116394996643	-0.0030646775849163532	0.31828300365606743
CFB	AskWomen	different	-0.28434914350509644	-0.23488064110279083	-0.1682690978050232	-0.48500168323516846	-0.1957274079322815	-0.3373342454433441	-0.3217668831348419	-0.24784080684185028	0.09682128576958479
CFB	EDH	different	-0.2678399384021759	-0.04166123643517494	-0.07246292382478714	3.991320409113541e-05	0.045161064714193344	-0.038422420620918274	-0.016895633190870285	0.06317837536334991	0.016045888647434347
CFB	photography	other	-0.39856308698654175	-0.16059213876724243	-0.32885995507240295	-0.43888434767723083	-0.03377067297697067	-0.5698196291923523	-0.3369830548763275	-0.28664326667785645	0.1239426478196734
CFB	Fantasy	other	-0.17151063680648804	-0.007319911383092403	-0.08139309287071228	0.05772995203733444	-0.24060136079788208	-0.04139125719666481	-0.08132736384868622	-0.20044907927513123	0.15344912968143368
CFB	femalefashionadvice	different	-0.2357964813709259	-0.18799035251140594	0.12104326486587524	-0.15573033690452576	-0.19857245683670044	-0.06548593938350677	0.010773418471217155	-0.06880354881286621	0.11639440724940363
CFB	breakingmom	different	-0.00831642560660839	-0.1166052296757698	-0.28915196657180786	0.13710643351078033	0.04921520873904228	-0.021863684058189392	-0.13404348492622375	0.06464265286922455	0.2242545764277247
CFB	BabyBumps	different	0.1894511878490448	-0.1308448761701584	-0.09136659651994705	0.07507625222206116	-0.08712175488471985	-0.019198201596736908	0.050805412232875824	0.0938490480184555	0.19603184899581355
CFB	explainlikeimfive	different	0.05983247980475426	-0.08026131242513657	-0.07390107214450836	0.03582867234945297	-0.04092351347208023	-0.030332446098327637	-0.011959478259086609	-0.11909353733062744	0.11869191201873051
CFB	xxfitness	different	-0.4349612295627594	-0.3970206677913666	-0.08268000930547714	-0.007241788785904646	-0.09825999289751053	-0.13310164213180542	-0.23413415253162384	-0.16912561655044556	0.10858115408106941
CFB	TwoXChromosomes	different	-0.03245910629630089	-0.23464110493659973	-0.05361481383442879	-0.3537406325340271	-0.17086966335773468	-0.14038555324077606	-0.023379355669021606	-0.10640788078308105	0.17535421100365264
CFB	Advice	different	-0.05974430590867996	-0.28541234135627747	-0.5017995238304138	-0.27271345257759094	-0.1287606656551361	-0.3133954405784607	-0.18587276339530945	-0.11263914406299591	0.05245921910326536
CFB	relationships	different	-0.1064470186829567	-0.1967088133096695	-0.4735465347766876	-0.34279534220695496	-0.10472768545150757	-0.2979070246219635	-0.3264508843421936	-0.14529317617416382	0.13983945572355477
food	pcmasterrace	other	-0.07968256622552872	0.2671672999858856	0.06736403703689575	0.02489757537841797	-0.19963563978672028	0.1834242045879364	-0.2766735553741455	-0.06400314718484879	0.0681286682798543
food	jailbreak	other	-0.23692600429058075	-0.2247895896434784	-0.1509786993265152	0.05407992750406265	0.10499415546655655	-0.41373613476753235	0.06603513658046722	0.13045170903205872	-0.14803083587053745
food	MLS	other	-0.29383042454719543	-0.5338756442070007	-0.2822745442390442	-0.07281257957220078	-0.033217690885066986	0.11951515823602676	0.16324946284294128	0.1039043590426445	0.10197876465914356
food	MMA	other	-0.13409961760044098	-0.10194552689790726	0.13519629836082458	0.09115465730428696	0.010299589484930038	-0.3296009600162506	0.07141915708780289	-0.37783777713775635	-0.028153200623274872
food	rupaulsdragrace	other	-0.11116044968366623	-0.08344180136919022	-0.17877911031246185	-0.003840881399810314	0.17934222519397736	0.029140496626496315	0.11968759447336197	0.0516340434551239	-0.03064492810242246
food	GlobalOffensive	other	-0.2896084189414978	-0.3717833161354065	-0.4311572313308716	-0.14804397523403168	-0.15823717415332794	-0.20815007388591766	-0.5150996446609497	-0.3217787742614746	-0.003940341618321995
food	bodybuilding	other	0.13580136001110077	0.24886170029640198	0.14412115514278412	0.20268508791923523	0.15408533811569214	0.2491685003042221	0.11332282423973083	0.37540265917778015	0.35706422358605944
food	Kappa	other	-0.07763303816318512	-0.11025332659482956	-0.16497373580932617	-0.0739557296037674	0.03546590730547905	0.204205721616745	-0.021008972078561783	-0.008327159099280834	0.0832425649975175
food	videos	other	0.09673839807510376	0.2721410095691681	0.20319092273712158	0.1396452933549881	0.3045818507671356	0.12376023083925247	0.16053692996501923	0.08706893026828766	0.1854180432241561
food	reddevils	other	-0.41976261138916016	-0.4773595333099365	-0.21238218247890472	-0.5868099927902222	-0.524010419845581	-0.0433134064078331	-0.0761900246143341	0.06621702015399933	0.09446909882972879
food	todayilearned	other	0.3164665699005127	0.20276296138763428	0.30221861600875854	0.4265563488006592	0.3934745490550995	0.19540154933929443	0.41319674253463745	0.2852059304714203	0.26708357467966715
food	KerbalSpaceProgram	other	0.052783820778131485	-0.021445725113153458	0.22408415377140045	-0.04057847708463669	-0.02073976770043373	0.2531577944755554	0.21750228106975555	0.004619562067091465	0.0683357264373879
food	justneckbeardthings	other	0.36884868144989014	0.022151963785290718	0.2349182814359665	0.10373333841562271	0.08416451513767242	0.1812567561864853	0.11224225908517838	0.21614724397659302	0.15598217270861156
food	LifeProTips	other	0.1457446813583374	0.17904147505760193	0.1530238538980484	0.5126569271087646	0.33347660303115845	0.4204525053501129	0.213271364569664	0.44179829955101013	0.4374477282787408
food	airsoft	other	0.153858944773674	0.14311903715133667	-0.004325853660702705	-0.034751046448946	-0.04408422112464905	-0.14205177128314972	-0.048250917345285416	-0.11280222982168198	0.07802393063332869
food	GameDeals	other	0.09084994345903397	0.041770048439502716	-0.13143083453178406	-0.12576408684253693	-0.014191757887601852	0.06906591355800629	-0.15177561342716217	-0.0003591661516111344	0.05405446891380724
food	toronto	other	0.08554981648921967	-0.2774057984352112	0.0502496175467968	0.08633999526500702	0.1808847337961197	0.032428719103336334	0.05011266469955444	0.1752220094203949	0.22810620772188123
food	eu4	other	0.18030083179473877	0.19285732507705688	0.2235795557498932	0.015148111619055271	0.08201908320188522	0.07864229381084442	0.08159249275922775	0.035157348960638046	-0.09026809142851935
food	cars	other	-0.07494591176509857	0.22273577749729156	-0.08748913556337357	-0.2795431911945343	0.08362292498350143	0.01788654737174511	-0.0942220613360405	-0.05588511750102043	0.23821086027270166
food	Warframe	other	-0.21552924811840057	0.12121711671352386	0.12189484387636185	-0.21053194999694824	-0.11055249720811844	-0.09301342070102692	-0.03686921298503876	0.051355231553316116	-0.07988545412426529
food	EarthPorn	other	0.2398010641336441	0.24668991565704346	0.12452756613492966	0.5026252865791321	0.39827507734298706	0.39531630277633667	0.28491201996803284	0.3792351186275482	0.47461489243966914
food	techsupport	other	-0.16187690198421478	-0.08293373137712479	-0.3097889721393585	-0.1797366887331009	-0.08238956332206726	-0.10944591462612152	-0.23360852897167206	-0.09439054876565933	0.0661325243458825
food	heroesofthestorm	other	-0.2540878355503082	-0.10815227776765823	-0.30125781893730164	-0.03208858519792557	0.021769380196928978	-0.08773735165596008	-0.353914737701416	-0.6559473872184753	0.03574825754748679
food	Drugs	other	0.17863698303699493	0.3245907425880432	0.07828636467456818	-0.034205224364995956	0.10602696985006332	0.04156740754842758	0.0764489695429802	0.055301912128925323	0.12052170513589892
food	oculus	other	-0.18113616108894348	-0.47983241081237793	-0.1935010850429535	-0.012109770439565182	-0.5561091303825378	-0.11552924662828445	-0.2908226549625397	-0.1727050542831421	-0.01479241001051024
food	KotakuInAction	other	-0.017839781939983368	-0.09483169764280319	-0.19099082052707672	-0.34408026933670044	-0.3419019281864166	-0.33580589294433594	-0.5150191783905029	-0.29307225346565247	-0.050105887759565884
food	exjw	other	0.21075890958309174	-0.3988136947154999	0.33373770117759705	-0.1994190365076065	-0.23988260328769684	-0.3296314775943756	-0.0007524747052229941	-0.22406919300556183	0.226051822971986
food	stopdrinking	other	0.15677036345005035	0.08868185430765152	-0.19019250571727753	-0.08351533859968185	-0.02334807626903057	0.07982558757066727	-0.00658034672960639	0.21142102777957916	0.21111047605468386
food	AskWomen	other	0.029977118596434593	-0.08413554728031158	0.14486069977283478	0.11904838681221008	0.04106442630290985	0.19062697887420654	0.1068979874253273	0.23194608092308044	0.18741491684255607
food	EDH	other	-0.46310529112815857	0.009883115068078041	-0.023259976878762245	-0.12514539062976837	-0.08907347917556763	-0.13959595561027527	0.03568248450756073	0.007660697214305401	-0.06869226964512255
food	photography	other	-0.17992687225341797	-0.017335034906864166	-0.48977231979370117	0.02118854783475399	0.031621962785720825	0.029279964044690132	-0.06905974447727203	-0.17731699347496033	0.37864649439393916
food	Fantasy	other	0.011180427856743336	-0.1637035459280014	0.01954410783946514	0.0775354877114296	0.11764435470104218	0.0061982800252735615	0.025472387671470642	-0.09903275221586227	0.1770213114840004
food	femalefashionadvice	other	0.32650431990623474	0.33937686681747437	0.23332905769348145	0.061672646552324295	0.06175742670893669	-0.000874753633979708	0.07863529026508331	0.0633302852511406	0.2696957950645616
food	breakingmom	other	0.024056583642959595	0.006388068664819002	0.3367125689983368	0.046449705958366394	0.09261323511600494	0.20257531106472015	0.17653366923332214	0.09080253541469574	0.04791481525479654
food	BabyBumps	other	0.20829467475414276	-0.037882935255765915	0.1662675142288208	0.20809021592140198	0.04051949083805084	0.009019838646054268	0.10042453557252884	0.06805551797151566	0.20416071819055132
food	explainlikeimfive	other	0.22640858590602875	0.013731644488871098	0.15517264604568481	0.3025996685028076	0.13845166563987732	0.1334143728017807	0.255251944065094	0.21467013657093048	0.2245951175959948
food	xxfitness	other	0.4068213105201721	0.14256498217582703	0.10622293502092361	0.2650439739227295	0.17377594113349915	0.170475572347641	0.1870637983083725	0.32866305112838745	0.3658090944871656
food	TwoXChromosomes	other	-0.23030634224414825	-0.05364351347088814	-0.09386210888624191	-0.20132221281528473	-0.21831007301807404	-0.3386516273021698	-0.18045666813850403	-0.22584161162376404	0.3398430704105577
food	Advice	other	-0.19877034425735474	-0.32091715931892395	-0.2238929122686386	-0.3990737199783325	-0.36155426502227783	-0.30601075291633606	-0.2818268835544586	-0.3650321662425995	0.1918985539214595
food	relationships	other	-0.5843902826309204	-0.2763556241989136	-0.29512670636177063	-0.46082398295402527	-0.39862707257270813	-0.25796523690223694	-0.16017504036426544	-0.34588542580604553	0.24649224494772193
pcmasterrace	jailbreak	technology	0.12133929133415222	0.1251770406961441	0.21732914447784424	0.2662678360939026	0.11601297557353973	0.1231696605682373	0.07257921993732452	0.2889477610588074	0.12668739942655946
pcmasterrace	MLS	different	-0.17896002531051636	-0.10239420086145401	-0.15435358881950378	-0.16768155992031097	-0.10809627920389175	-0.06548211723566055	-0.1716891974210739	-0.13741034269332886	-0.08118446129998681
pcmasterrace	MMA	different	-0.1915324181318283	-0.31433799862861633	-0.24588994681835175	-0.2529514729976654	-0.546230137348175	-0.4774191081523895	-0.4970960319042206	-0.27602413296699524	-0.05430042997146638
pcmasterrace	rupaulsdragrace	other	-0.06331464648246765	0.058190274983644485	-0.17457029223442078	-0.10471420735120773	-0.2626921832561493	-0.1180230975151062	-0.06601087003946304	-0.40111011266708374	0.06516364816232392
pcmasterrace	GlobalOffensive	different	0.08892222493886948	0.21378590166568756	0.02178725227713585	0.25214070081710815	0.412555068731308	0.31890952587127686	0.3218132257461548	0.21641816198825836	0.4198559270035847
pcmasterrace	bodybuilding	other	-0.3086974024772644	-0.12103336304426193	-0.19804513454437256	-0.2636462450027466	-0.3756791353225708	0.04632372781634331	-0.4650307893753052	-0.1752421110868454	-0.03460755905718152
pcmasterrace	Kappa	other	0.43196535110473633	0.2304653525352478	0.0699472427368164	0.27480295300483704	0.189837247133255	0.34326446056365967	0.17526820302009583	0.3768226206302643	0.053995466427629764
pcmasterrace	videos	other	0.17154766619205475	0.10070671886205673	0.260886013507843	0.08607687056064606	0.015663886442780495	-0.08825304359197617	-0.006687881425023079	0.060751091688871384	0.08717063138246008
pcmasterrace	reddevils	different	-0.2576104700565338	-0.0831480547785759	-0.12359271943569183	-0.262198805809021	-0.0162718053907156	-0.10447657108306885	0.1312589943408966	-0.21884232759475708	0.03898500799618469
pcmasterrace	todayilearned	different	-0.05660032853484154	0.21788524091243744	0.07538630068302155	-0.07428833097219467	-0.07190888375043869	-0.16059568524360657	-0.09602918475866318	-0.12577855587005615	0.027838671998420345
pcmasterrace	KerbalSpaceProgram	different	0.13938473165035248	0.04696083813905716	0.17754852771759033	0.2849259674549103	0.15404106676578522	0.2688104808330536	0.2557057738304138	0.2007327526807785	0.38627562614301136
pcmasterrace	justneckbeardthings	other	0.07710984349250793	0.3350578248500824	0.16503383219242096	-0.1395445615053177	0.2394445240497589	0.177479550242424	0.06783328950405121	-0.013402396813035011	0.2288476527536489
pcmasterrace	LifeProTips	different	-0.1413211226463318	-0.02460533380508423	0.38635939359664917	0.2994195818901062	0.167809396982193	0.15896762907505035	0.10233023762702942	0.25887417793273926	0.12135967227896528
pcmasterrace	airsoft	other	0.01059652492403984	0.25767403841018677	0.256483793258667	0.12150173634290695	0.12510918080806732	0.17518027126789093	0.043312352150678635	0.1209418922662735	0.4076199227158259
pcmasterrace	GameDeals	other	0.26684293150901794	0.190135195851326	0.43526318669319153	0.588307797908783	0.6122683882713318	0.5539755821228027	0.4629409611225128	0.6238341927528381	0.3411743242590499
pcmasterrace	toronto	other	0.06594584137201309	-0.4635298550128937	0.10859570652246475	-0.013521856628358364	-0.028365161269903183	-0.20987568795681	-0.2510116696357727	0.010751268826425076	-0.14848657085597486
pcmasterrace	eu4	different	-0.02582794986665249	0.2074219137430191	-0.07479050010442734	-0.024550117552280426	-0.016486963257193565	-0.1587754338979721	-0.1648748815059662	0.024963248521089554	0.2541472232190044
pcmasterrace	cars	other	0.30316784977912903	-0.09775495529174805	0.06176477298140526	0.12921394407749176	0.060067374259233475	0.025081191211938858	0.1768045425415039	-0.010463536716997623	0.07094553346900138
pcmasterrace	Warframe	different	0.2584356963634491	0.20442472398281097	0.08900067210197449	0.09103171527385712	0.1559339314699173	0.03198898583650589	0.16233240067958832	-0.0818108543753624	0.3518656718915474
pcmasterrace	EarthPorn	other	0.1451379954814911	-0.05431119352579117	-0.10862110555171967	-0.21197785437107086	-0.0005977211985737085	-0.04751121625304222	0.05101827159523964	-0.3431415557861328	0.10344368525383364
pcmasterrace	techsupport	technology	0.33308932185173035	0.3120279908180237	0.4910869300365448	0.6143349409103394	0.4311527907848358	0.5721182227134705	0.504940927028656	0.5838932394981384	0.49912974196318
pcmasterrace	heroesofthestorm	different	-0.17963328957557678	-0.3266347050666809	-0.10797397047281265	0.014941602014005184	0.09506771713495255	0.04252929612994194	0.09274382144212723	0.009190559387207031	0.2082867680801265
pcmasterrace	Drugs	other	-0.170937642455101	0.05945302173495293	0.1178411990404129	-0.21312089264392853	-0.03307124227285385	-0.1370917409658432	-0.08959097415208817	-0.1960262507200241	0.09695109940314166
pcmasterrace	oculus	technology	0.3400401175022125	0.1573440581560135	0.4263131022453308	0.5006696581840515	0.5242884159088135	0.47804537415504456	0.3820544481277466	0.4975353181362152	0.34543722370580676
pcmasterrace	KotakuInAction	other	0.0707271620631218	0.050887398421764374	0.14316131174564362	0.08147816359996796	0.14933614432811737	0.19829365611076355	0.009926563128829002	0.23628737032413483	0.19866675562095518
pcmasterrace	exjw	other	-0.21850688755512238	0.09168023616075516	0.05495874583721161	-0.44960880279541016	-0.055782802402973175	-0.046599674969911575	-0.12293675541877747	0.07924582064151764	0.027481083913224163
pcmasterrace	stopdrinking	other	-0.4962935149669647	-0.14405573904514313	-0.07709499448537827	-0.36728179454803467	-0.09135023504495621	-0.3214266896247864	-0.1444704234600067	-0.33878761529922485	0.10467564057352434
pcmasterrace	AskWomen	different	-0.11298036575317383	-0.07137179374694824	-0.24718517065048218	-0.3241865038871765	-0.17808109521865845	-0.3380599319934845	-0.1033836156129837	-0.41130873560905457	-0.11536118720823792
pcmasterrace	EDH	different	0.19899989664554596	-0.001516832271590829	0.003817837219685316	0.010943681001663208	0.006005645263940096	0.07241406291723251	0.07602543383836746	-0.029116734862327576	0.2009213502499502
pcmasterrace	photography	other	0.058835189789533615	0.0008163006277754903	-0.00296174013055861	-0.08787068724632263	-0.056036576628685	-0.16468098759651184	-0.07169462740421295	-0.07889152318239212	0.0926860019612002
pcmasterrace	Fantasy	other	-0.056278493255376816	-0.011373479850590229	-0.16775886714458466	-0.11983434110879898	-0.07246597856283188	-0.17137214541435242	-0.09677507728338242	-0.20401740074157715	0.09261444017197483
pcmasterrace	femalefashionadvice	different	-0.049191270023584366	0.15685735642910004	-0.25996869802474976	-0.28860974311828613	-0.16673535108566284	-0.18079407513141632	-0.15613356232643127	-0.10615978389978409	-0.06474419862800768
pcmasterrace	breakingmom	different	0.010076412931084633	-0.01754213683307171	-0.1651083379983902	-0.04491410404443741	-0.06274407356977463	-0.07270254194736481	0.18890510499477386	-0.31992337107658386	0.056080385666856115
pcmasterrace	BabyBumps	different	-0.21570122241973877	-0.47228774428367615	-0.4125427007675171	-0.17320041358470917	-0.2210431694984436	-0.29332029819488525	-0.05291995778679848	-0.3648594617843628	0.015544109386004104
pcmasterrace	explainlikeimfive	different	-0.2962745726108551	0.0574348159134388	-0.15953169763088226	0.07847128808498383	-0.19598622620105743	-0.1210419088602066	-0.13785025477409363	0.1311427801847458	0.16516245353173614
pcmasterrace	xxfitness	different	-0.4236636757850647	-0.4097137451171875	-0.446621835231781	-0.39665910601615906	-0.539854884147644	-0.28341037034988403	-0.6168854832649231	-0.22905829548835754	-0.10106106683195537
pcmasterrace	TwoXChromosomes	different	-0.5003101229667664	-0.38351476192474365	-0.5638653039932251	-0.36089158058166504	-0.43490150570869446	-0.5254297256469727	-0.37393271923065186	-0.29681798815727234	-0.0597549267541993
pcmasterrace	Advice	different	-0.08216693997383118	-0.2467070072889328	-0.13753549754619598	-0.17535708844661713	-0.18035218119621277	-0.22501790523529053	-0.12207106500864029	-0.16548751294612885	0.10401664850134165
pcmasterrace	relationships	different	-0.2059636414051056	-0.2962559163570404	-0.5064718127250671	-0.1985640972852707	-0.2573186159133911	-0.18383777141571045	-0.188800647854805	-0.35279786586761475	-0.0012433223177226336
jailbreak	MLS	different	0.010809618048369884	0.05542748421430588	-0.20422065258026123	-0.00010900826600845903	-0.19048938155174255	-0.4206034541130066	-0.1747560054063797	-0.03545273840427399	0.17117117737583923
jailbreak	MMA	different	-0.48823603987693787	-0.5063145756721497	-0.2684336006641388	-0.016160037368535995	-0.028309132903814316	0.15277199447155	0.055331990122795105	-0.3049449920654297	0.2956740135536834
jailbreak	rupaulsdragrace	other	-0.02295392006635666	0.05245860293507576	0.06512151658535004	0.25630906224250793	0.31908783316612244	0.21761369705200195	0.2227402627468109	0.317548930644989	0.22407036153426424
jailbreak	GlobalOffensive	different	0.4219415783882141	0.4690239727497101	0.3757959306240082	0.18160520493984222	0.20369435846805573	0.05740780755877495	0.07487380504608154	0.15834428369998932	0.18281322429426766
jailbreak	bodybuilding	other	0.03438374027609825	-0.061061207205057144	0.1372370421886444	0.001936713932082057	0.09233755618333817	-0.05028291791677475	-0.01616412028670311	-0.13810786604881287	0.0740073706255326
jailbreak	Kappa	other	0.10015743970870972	0.021344350650906563	-0.04274606332182884	0.035302698612213135	-0.0024153594858944416	-0.0684695914387703	0.12131452560424805	-0.03142748400568962	0.07972270761547676
jailbreak	videos	other	-0.4695222079753876	-0.28199994564056396	-0.42458873987197876	-0.3128646910190582	-0.30220139026641846	-0.23045921325683594	-0.2650900185108185	-0.163591206073761	-0.0389366239374971
jailbreak	reddevils	different	-0.025261620059609413	0.18054530024528503	0.09273643791675568	0.020440679043531418	-0.2157914787530899	-0.45012548565864563	-0.20217019319534302	0.08876791596412659	0.2126142654768634
jailbreak	todayilearned	different	-0.48825621604919434	-0.2832601070404053	-0.3413166105747223	-0.38765251636505127	-0.16223782300949097	-0.21911925077438354	-0.29769784212112427	-0.33872127532958984	0.07001889235278866
jailbreak	KerbalSpaceProgram	different	0.32247164845466614	0.25094303488731384	0.3034703731536865	0.23560410737991333	0.14991681277751923	0.23265540599822998	0.20180805027484894	0.2880425453186035	0.08899256024029174
jailbreak	justneckbeardthings	other	-0.35319894552230835	-0.45336493849754333	-0.1718461811542511	0.07575001567602158	-0.30479106307029724	-0.2681717872619629	-0.326520711183548	-0.033869173377752304	0.10303471955659357
jailbreak	LifeProTips	different	-0.008974765427410603	-0.005049160216003656	-0.19339361786842346	0.004099759738892317	-0.16947291791439056	-0.13031111657619476	-0.035988204181194305	0.02169205993413925	0.09480999645415238
jailbreak	airsoft	other	0.24763929843902588	0.12268583476543427	0.12349368631839752	0.015544603578746319	-0.010569045320153236	0.026682956144213676	0.11024889349937439	0.05437174066901207	0.1562200038218084
jailbreak	GameDeals	other	-0.05659585818648338	0.18837475776672363	0.2293574959039688	0.1203337088227272	0.18134616315364838	0.08504512161016464	0.01091485284268856	0.12516199052333832	0.2031518408748505
jailbreak	toronto	other	-0.2856650650501251	0.06477296352386475	-0.3861048221588135	-0.5395685434341431	-0.3369468152523041	-0.06772024184465408	-0.04510706663131714	-0.2435835748910904	0.1273295072490813
jailbreak	eu4	different	0.19203855097293854	0.05781335383653641	0.08867304772138596	0.18158765137195587	0.1964157074689865	0.12267358601093292	0.09998664259910583	-0.06379611790180206	0.054256783907847966
jailbreak	cars	other	-0.4696432948112488	0.1563144475221634	-0.303175687789917	-0.4525134861469269	-0.4134805500507355	0.029332399368286133	-0.6113424301147461	-0.16354717314243317	0.23604837957290906
jailbreak	Warframe	different	-0.14152920246124268	-0.005133390426635742	0.11540672928094864	-0.159475639462471	0.10524743050336838	0.1583612859249115	0.08459671586751938	0.17266403138637543	0.030961559471661827
jailbreak	EarthPorn	other	0.18374601006507874	0.019539419561624527	-0.0965135246515274	0.004310244228690863	0.13976576924324036	0.0860661119222641	-0.06371159851551056	0.07702118158340454	0.10809323101947485
jailbreak	techsupport	technology	0.48807990550994873	0.33112773299217224	0.36288878321647644	0.4243176579475403	0.5075193047523499	0.5090518593788147	0.5008495450019836	0.47711578011512756	0.20196021082944088
jailbreak	heroesofthestorm	different	0.18384400010108948	0.23241744935512543	-0.17081059515476227	-0.0664958655834198	0.03024379163980484	-0.039313483983278275	0.13672274351119995	-0.11313621699810028	0.1133539099247554
jailbreak	Drugs	other	-0.06750524044036865	0.1606796532869339	-0.2862299084663391	-0.061553459614515305	-0.10987081378698349	0.04354867339134216	-0.06809988617897034	0.02749626338481903	0.028798357694375033
jailbreak	oculus	technology	0.22245535254478455	0.18066032230854034	0.396453857421875	0.1496896743774414	0.17275452613830566	0.07834039628505707	0.16611695289611816	0.2017318308353424	0.1880870341400585
jailbreak	KotakuInAction	other	-0.16567058861255646	-0.515092670917511	-0.27178049087524414	-0.09946399927139282	-0.10123127698898315	0.01483312901109457	-0.005474945995956659	-0.18890629708766937	0.0438960509576232
jailbreak	exjw	other	-0.3308770954608917	0.0915595144033432	0.178667813539505	0.1355312168598175	7.090467988746241e-05	0.0618426688015461	0.0808352679014206	0.013937093317508698	0.033797420649215065
jailbreak	stopdrinking	other	0.34480905532836914	0.2313878834247589	-0.1126067265868187	0.01471901684999466	-0.02820974588394165	-0.00919701624661684	-0.12928318977355957	0.16022275388240814	-0.010942290704858151
jailbreak	AskWomen	different	-0.2696579098701477	-0.2520049810409546	-0.3391045331954956	0.021793754771351814	-0.4671243727207184	-0.44686388969421387	-0.502240002155304	-0.16181926429271698	0.06312045922186305
jailbreak	EDH	different	0.16370677947998047	-0.026900041848421097	-0.034566547721624374	-0.04484289884567261	-0.10658570379018784	-0.280539870262146	-0.062003154307603836	0.05135512351989746	0.20109068835811358
jailbreak	photography	other	0.13836735486984253	0.09756173938512802	0.4525595009326935	0.12535585463047028	0.18717007339000702	0.05033920705318451	0.1511232852935791	0.11193902790546417	0.15722583100677454
jailbreak	Fantasy	other	-0.5104979276657104	0.1071748360991478	0.06552480906248093	-0.03834695369005203	-0.24522057175636292	-0.023353643715381622	-0.29347851872444153	-0.1785758137702942	-0.01036872190432081
jailbreak	femalefashionadvice	different	0.010334302671253681	-0.10552644729614258	-0.049835216253995895	-0.07562083750963211	-0.03220077604055405	0.026621470227837563	-0.1836181879043579	-0.14935936033725739	0.14456008597549747
jailbreak	breakingmom	different	-0.1207633838057518	-0.19577330350875854	-0.12483718246221542	-0.17651031911373138	-0.13962621986865997	-0.19155201315879822	-0.09752494096755981	-0.02696279250085354	0.08154572459203087
jailbreak	BabyBumps	different	-0.2181253731250763	-0.19565601646900177	-0.12610897421836853	-0.1061629056930542	0.08576077222824097	0.05338399484753609	0.015311517752707005	-0.0674542486667633	-0.031584206428296485
jailbreak	explainlikeimfive	different	-0.1764971911907196	-0.08438276499509811	-0.31845811009407043	-0.2871575653553009	-0.24216896295547485	-0.19709640741348267	-0.21915435791015625	-0.3122968077659607	0.11058989648858539
jailbreak	xxfitness	different	-0.25793421268463135	-0.18774689733982086	0.034306883811950684	-0.08889873325824738	-0.023145275190472603	-0.07165548950433731	0.043927546590566635	-0.29561230540275574	0.08379016502736092
jailbreak	TwoXChromosomes	different	-0.2619875371456146	-0.38190957903862	-0.2143796682357788	-0.17949101328849792	-0.3136572539806366	-0.14808353781700134	-0.27387258410453796	-0.3086317181587219	-0.05544262084322414
jailbreak	Advice	different	0.13887493312358856	-0.0710594654083252	-0.028393201529979706	-0.029953142628073692	-0.2021937221288681	-0.06673839688301086	-0.056455615907907486	0.04239567741751671	0.12060316459001347
jailbreak	relationships	different	0.018931834027171135	-0.28871893882751465	-0.15365710854530334	0.010729395784437656	-0.23542076349258423	-0.18407730758190155	-0.0009644310339353979	0.09081092476844788	0.1265101352591795
MLS	MMA	sports	0.34781527519226074	0.3965234160423279	0.2287810742855072	0.22406627237796783	0.2366306483745575	0.20468713343143463	0.36004137992858887	0.2183241993188858	0.16003457486704023
MLS	rupaulsdragrace	other	0.23144805431365967	0.48960748314857483	0.3003031313419342	-0.042134422808885574	0.19173207879066467	0.0761391893029213	0.08751816302537918	0.08654265850782394	0.16304030573774939
MLS	GlobalOffensive	different	0.2714986205101013	0.1637580394744873	0.004197284113615751	0.11378408968448639	0.18773220479488373	0.07633337378501892	0.07286832481622696	0.09111600369215012	0.15501422036628243
MLS	bodybuilding	other	0.00035649831988848746	-0.25975319743156433	-0.10708533972501755	-0.07256080955266953	-0.24801410734653473	-0.19929566979408264	-0.16436268389225006	-0.1274065524339676	0.4017996239593357
MLS	Kappa	other	0.1906513273715973	0.2770761549472809	0.21377819776535034	0.16039133071899414	0.10858338326215744	0.18677526712417603	0.3227078318595886	-0.0542973093688488	0.08788800167841924
MLS	videos	other	-0.071285180747509	-0.07527417689561844	-0.04085502028465271	0.03470684960484505	0.12607182562351227	0.10258542746305466	0.20681706070899963	0.08578045666217804	0.021076045362102273
MLS	reddevils	sports	0.6719629764556885	0.6679873466491699	0.6160021424293518	0.6441358923912048	0.5773746967315674	0.5335881114006042	0.5436151623725891	0.6552098393440247	0.8372560105666261
MLS	todayilearned	different	0.001795015879906714	-0.025970906019210815	0.05927707254886627	-0.05573779344558716	0.018868114799261093	-0.0011170182842761278	0.06776771694421768	-0.062323540449142456	0.11516213638733144
MLS	KerbalSpaceProgram	different	0.05075836181640625	-0.03912210091948509	-0.09693276137113571	-0.015443865209817886	-0.15761946141719818	0.06738927215337753	-0.05509231612086296	-0.05524851009249687	0.08726613319303714
MLS	justneckbeardthings	other	-0.16786107420921326	0.2871221601963043	-0.032373640686273575	-0.08482597023248672	-0.2449541836977005	-0.14338544011116028	-0.21692432463169098	0.05530930683016777	0.0819554442906783
MLS	LifeProTips	different	0.06587442755699158	-0.4683353006839752	-0.41610756516456604	-0.3421151340007782	-0.28367382287979126	-0.30895718932151794	-0.19014017283916473	-0.316989004611969	0.0037469049268953765
MLS	airsoft	other	-0.3601144850254059	0.07184307277202606	0.007586855906993151	-0.2062484622001648	0.1088533103466034	0.1200135350227356	-0.05502040311694145	0.0812298133969307	0.008224990688341483
MLS	GameDeals	other	0.16220496594905853	-0.29411986470222473	0.0472085140645504	-0.13516558706760406	-0.02038983628153801	-0.06842631101608276	-0.01621539704501629	-0.10014623403549194	0.22816525179785221
MLS	toronto	other	0.33660635352134705	0.20034705102443695	0.17015573382377625	0.21809059381484985	0.2645599842071533	0.2890600264072418	0.3008151352405548	0.2924764156341553	0.3600948705491309
MLS	eu4	different	0.2176409661769867	-0.11427287757396698	0.28008589148521423	0.16629359126091003	0.14648273587226868	0.12337157875299454	0.08603505790233612	-0.07589805126190186	0.1567183983985593
MLS	cars	other	-0.13018986582756042	-0.05683305487036705	0.06269155442714691	-0.061176251620054245	0.015095829963684082	-0.01512089092284441	0.11585156619548798	-0.08840491622686386	0.08701147941578787
MLS	Warframe	different	-0.30642327666282654	0.08469696342945099	-0.5063369274139404	-0.4160383343696594	-0.45407500863075256	-0.3329443335533142	-0.1345357745885849	-0.12310964614152908	0.08327762940530643
MLS	EarthPorn	other	0.08026788383722305	0.1969892382621765	0.28157272934913635	0.10059472173452377	0.28121331334114075	0.1510215401649475	-0.01955743134021759	0.17417913675308228	0.24159941513652036
MLS	techsupport	different	-0.46113765239715576	-0.3493519723415375	-0.16978468000888824	-0.15259018540382385	-0.11592449247837067	-0.0994027704000473	-0.1372258961200714	-0.1263921558856964	-0.029231979956907787
MLS	heroesofthestorm	different	0.15996749699115753	-0.15186628699302673	-0.07151729613542557	-0.02727256529033184	0.24231983721256256	0.10966189950704575	0.17433905601501465	-0.009385612793266773	0.016747430223108834
MLS	Drugs	other	-0.26302066445350647	-0.32858040928840637	0.00653512217104435	-0.5385127663612366	-0.06747715175151825	-0.5390096306800842	-0.6452094316482544	-0.6183645129203796	0.0727359828846943
MLS	oculus	different	0.03175659105181694	0.42255184054374695	-0.019744152203202248	0.11308520287275314	0.09829128533601761	-0.03788578137755394	-0.0860508382320404	0.06508873403072357	0.15320505551005928
MLS	KotakuInAction	other	-0.08484948426485062	0.12611234188079834	0.10123411566019058	-0.029906515032052994	-0.013074546121060848	0.009151958860456944	-0.047874029725790024	0.11373565346002579	0.15187549077809184
MLS	exjw	other	-0.005213532596826553	0.26027002930641174	-0.038278695195913315	-0.04717281088232994	-0.3090309202671051	-0.2757159471511841	-0.26462045311927795	-0.17145395278930664	0.25951519211521706
MLS	stopdrinking	other	-0.20119516551494598	0.04551604390144348	0.13630424439907074	-0.024535372853279114	-0.0537257194519043	-0.21736353635787964	-0.31408730149269104	-0.062399934977293015	0.17984789670544019
MLS	AskWomen	different	-0.23535826802253723	-0.16291671991348267	-0.1802762746810913	-0.1842474639415741	-0.2377430647611618	-0.21574227511882782	-0.24767851829528809	-0.08526895195245743	0.007994547628713804
MLS	EDH	different	-0.12905558943748474	-0.16810296475887299	0.11307911574840546	0.07932672649621964	0.09185761213302612	0.0752483531832695	0.07702320069074631	0.09491723775863647	0.065096318311202
MLS	photography	other	-0.2298252135515213	-0.11986468732357025	-0.24918459355831146	0.05945354327559471	-0.1555064618587494	-0.0811496153473854	-0.15423981845378876	0.03949178755283356	0.11994167062475779
MLS	Fantasy	other	0.36497369408607483	0.13931787014007568	-0.010808007791638374	-0.18798476457595825	-0.06628862768411636	-0.26571422815322876	-0.18681401014328003	-0.12128220498561859	0.09977579267213041
MLS	femalefashionadvice	different	-0.42267969250679016	-0.16884003579616547	-0.0838581919670105	-0.02371360920369625	-0.013609266839921474	-0.0689874216914177	0.05155952647328377	0.0134245241060853	0.1421708506761369
MLS	breakingmom	different	0.13086748123168945	-0.08776901662349701	-0.3912738859653473	-0.0937558263540268	-0.14229193329811096	-0.013249599374830723	0.04852110520005226	-0.09253086149692535	0.2736156659402306
MLS	BabyBumps	different	-0.09761471301317215	-0.008461658842861652	-0.06803405284881592	-0.05393873155117035	-0.0029891165904700756	-0.030722374096512794	-0.057124026119709015	-0.12580545246601105	0.21215556935011204
MLS	explainlikeimfive	different	-0.04576016589999199	-0.20968134701251984	-0.12533095479011536	-0.10195035487413406	0.026717426255345345	-0.06002698838710785	-0.040829479694366455	-0.22353476285934448	0.018308890798883308
MLS	xxfitness	different	-0.4092695116996765	-0.30614563822746277	-0.1834622472524643	-0.06000557541847229	-0.25206419825553894	-0.09498384594917297	-0.1163647398352623	-0.05557991564273834	0.15836210784177163
MLS	TwoXChromosomes	different	0.04152809828519821	-0.16703873872756958	-0.08236811310052872	-0.15208099782466888	-0.08589889854192734	-0.13029061257839203	-0.13401378691196442	-0.1315060555934906	0.0859838313711654
MLS	Advice	different	-0.17618170380592346	-0.4160473346710205	-0.3292279839515686	-0.19718508422374725	-0.19168633222579956	-0.25104445219039917	-0.18303552269935608	-0.29210612177848816	-0.04145757411472331
MLS	relationships	different	-0.1128920391201973	-0.28433406352996826	-0.3492198884487152	-0.16816608607769012	-0.16371318697929382	-0.10752042382955551	-0.13220152258872986	-0.14138510823249817	0.03657205217698041
MMA	rupaulsdragrace	other	0.38918831944465637	0.22843606770038605	0.3639128506183624	0.06989429146051407	0.2649756968021393	0.13398507237434387	0.21312662959098816	0.19315938651561737	0.1266201222676915
MMA	GlobalOffensive	different	0.17381955683231354	0.032915208488702774	0.17049618065357208	-0.02176370657980442	-0.14236727356910706	-0.021628081798553467	-0.11988887935876846	0.07894551008939743	0.03002355377756252
MMA	bodybuilding	other	0.3410017192363739	0.2800148129463196	-0.07658816874027252	0.3647387623786926	0.3528565466403961	0.3516475558280945	0.32878512144088745	0.3954440653324127	0.18399017796791164
MMA	Kappa	other	0.22456955909729004	0.23541030287742615	0.4208008348941803	0.027628637850284576	0.19424442946910858	0.244731605052948	0.2319575697183609	0.15634894371032715	0.19973516086707424
MMA	videos	other	0.2817789316177368	0.29075926542282104	0.30903640389442444	0.1958717405796051	0.2188589721918106	0.3349831998348236	0.32342657446861267	0.20980580151081085	0.17502556870103878
MMA	reddevils	sports	0.5627917647361755	0.35213708877563477	0.2661625146865845	0.16133606433868408	0.2042384296655655	0.24546341598033905	0.23354613780975342	0.18090176582336426	0.26579371146754155
MMA	todayilearned	different	-0.0022295708768069744	0.23476430773735046	0.32333964109420776	0.018314339220523834	0.0394294410943985	0.08698839694261551	0.03183514624834061	0.010839760303497314	0.06985419751110625
MMA	KerbalSpaceProgram	different	-0.3381651043891907	-0.2522433400154114	0.12707827985286713	-0.5185152292251587	-0.07127034664154053	0.04283836856484413	-0.16896194219589233	0.08567650616168976	0.04966941947243124
MMA	justneckbeardthings	other	0.09840679168701172	0.1728379726409912	0.14723482728004456	0.06171661615371704	-0.08762215077877045	0.0682326927781105	0.021572154015302658	-0.0023945586290210485	0.1688168915383025
MMA	LifeProTips	different	-0.05781176686286926	-0.1103065013885498	-0.1763438582420349	-0.2078908532857895	-0.5359336137771606	-0.4084624946117401	-0.2224673330783844	-0.4295344650745392	0.050123140722696795
MMA	airsoft	other	0.0847439095377922	-0.13541564345359802	-0.30502569675445557	0.137523353099823	-0.03420700877904892	-0.021501798182725906	0.058368101716041565	-0.282911092042923	0.015346218703039179
MMA	GameDeals	other	-0.12597393989562988	-0.5093080401420593	-0.03285679966211319	-0.4173797070980072	-0.2632775902748108	-0.5598342418670654	-0.2868284285068512	-0.5007729530334473	0.10537147685219579
MMA	toronto	other	0.1395181566476822	0.015502643771469593	-0.1467345803976059	-0.19197511672973633	-0.1886400580406189	0.059349410235881805	0.15390585362911224	-0.303635835647583	0.37272533467530217
MMA	eu4	different	-0.33307814598083496	-0.45483240485191345	0.15788790583610535	-0.15560691058635712	-0.19797109067440033	0.04854691028594971	-0.262272447347641	-0.007028314750641584	0.07189967986647475
MMA	cars	other	0.38226133584976196	0.20170611143112183	0.11035645753145218	-0.2423403412103653	0.20420685410499573	0.07152561843395233	-0.16398172080516815	0.18953561782836914	0.037615864852353686
MMA	Warframe	different	0.17565804719924927	0.0033687991090118885	0.16493424773216248	-0.021244945004582405	0.06380198150873184	0.07901371270418167	0.1051061674952507	-0.29156020283699036	0.0003732333185891488
MMA	EarthPorn	other	-0.31459516286849976	-0.009533838368952274	0.01855720393359661	-0.0753818079829216	-0.06797891855239868	-0.061400532722473145	-0.318048894405365	-0.05058325082063675	0.11989576510364808
MMA	techsupport	different	-0.48687705397605896	-0.47853174805641174	-0.24181635677814484	-0.05774275213479996	-0.3264932334423065	-0.29791420698165894	-0.34664008021354675	-0.16085541248321533	-0.0593249820569419
MMA	heroesofthestorm	different	0.28378692269325256	-0.003994207363575697	0.0557740293443203	0.11447826772928238	0.18142469227313995	-0.07232137769460678	0.16645248234272003	0.19697971642017365	0.20283684022273205
MMA	Drugs	other	-0.20266462862491608	0.02155483327805996	-0.036344822496175766	0.13553905487060547	0.10248054563999176	0.13604862987995148	0.012059514410793781	0.07087954878807068	0.1872382628830799
MMA	oculus	different	-0.2222040593624115	0.038695577532052994	-0.29645389318466187	0.11737595498561859	-0.16280631721019745	-0.12358971685171127	0.16856932640075684	0.11205507069826126	0.2192565082563435
MMA	KotakuInAction	other	0.026149176061153412	0.261161744594574	-0.04045110195875168	0.07101033627986908	-0.059674907475709915	0.04722464457154274	0.05017969757318497	0.007739123422652483	0.2726197177867766
MMA	exjw	other	-0.18148250877857208	-0.3125463128089905	-0.14167188107967377	-0.08996368199586868	-0.1772312968969345	-0.23550458252429962	0.057639166712760925	0.09007648378610611	0.1297898299822155
MMA	stopdrinking	other	-0.4930809438228607	-0.02593778818845749	-0.4206273555755615	-0.20090077817440033	-0.1860472559928894	-0.1015106588602066	-0.005646487697958946	-0.1289352923631668	0.044526421525658125
MMA	AskWomen	different	-0.13598480820655823	-0.061163876205682755	-0.2841063439846039	-0.21648797392845154	-0.28781628608703613	-0.2745034694671631	-0.38900166749954224	-0.3207940459251404	0.13002933633424255
MMA	EDH	different	-0.24419769644737244	-0.269327849149704	-0.06180896610021591	0.026799464598298073	0.010412270203232765	0.008203528821468353	0.12376900762319565	0.026250455528497696	0.13918654629435104
MMA	photography	other	-0.2750685214996338	0.12116522341966629	-0.22347496449947357	0.11300119012594223	0.09445305913686752	0.03801201656460762	-0.010700092650949955	0.12998758256435394	0.1740527755707085
MMA	Fantasy	other	0.1744014024734497	-0.48455771803855896	-0.245293989777565	0.16254349052906036	0.19171850383281708	-0.022673606872558594	0.0779942199587822	-0.022702522575855255	0.12005508576044865
MMA	femalefashionadvice	different	-0.1248990073800087	-0.18883460760116577	0.057280659675598145	-0.3781598210334778	-0.3524808883666992	-0.3580663502216339	-0.2402801811695099	-0.18019776046276093	0.13883311410628715
MMA	breakingmom	different	-0.09200235456228256	-0.20414018630981445	-0.3159511387348175	-0.46088331937789917	-0.20768742263317108	-0.28861379623413086	-0.4412561357021332	-0.2866954207420349	0.013558758067895537
MMA	BabyBumps	different	-0.02476218156516552	-0.0487399660050869	-0.26466104388237	-0.2559719979763031	-0.1260027289390564	-0.18392476439476013	-0.46467310190200806	-0.18272317945957184	0.1068414455683718
MMA	explainlikeimfive	different	-0.15730130672454834	0.006712287198752165	0.1537841558456421	-0.0832153707742691	-0.10309255123138428	-0.08523507416248322	-0.04740198701620102	-0.09372885525226593	0.04463441135282916
MMA	xxfitness	different	0.12212727963924408	0.041703883558511734	-0.3064498007297516	0.15279999375343323	-0.03669450804591179	0.07399501651525497	0.10250884294509888	0.11870988458395004	0.11533598782742961
MMA	TwoXChromosomes	different	0.01733976975083351	0.026240210980176926	-0.03903688117861748	-0.10767440497875214	-0.06816337257623672	0.06503716856241226	-0.22134214639663696	-0.12736840546131134	0.16282465032835028
MMA	Advice	different	-0.28519877791404724	-0.02162419818341732	-0.05338580161333084	-0.06446878612041473	-0.10963226854801178	-0.051581766456365585	-0.07852237671613693	-0.08788375556468964	0.07849938482508052
MMA	relationships	different	0.03594961762428284	0.16512858867645264	0.07253539562225342	-0.06437265872955322	0.05639342963695526	-0.007706126198172569	-0.06317406892776489	-0.06960511207580566	0.1525946478672761
rupaulsdragrace	GlobalOffensive	other	0.0794287845492363	0.21674366295337677	0.009390396997332573	-0.0626976415514946	-0.2594779133796692	0.0023281718604266644	-0.018859323114156723	-0.14296384155750275	0.17373879726103122
rupaulsdragrace	bodybuilding	other	0.07387993484735489	0.09324965626001358	-0.03178251534700394	0.05134012550115585	-0.0019243084825575352	-0.15565527975559235	-0.2361278235912323	-0.07945674657821655	0.2220254130591721
rupaulsdragrace	Kappa	other	0.372682124376297	0.5777493715286255	0.38054385781288147	0.1600431203842163	0.32546406984329224	0.15889176726341248	0.1118142232298851	0.18808990716934204	0.3606422305319853
rupaulsdragrace	videos	other	0.03824689984321594	-0.003321469761431217	0.08388461172580719	0.11534427106380463	-0.01729889027774334	0.13247153162956238	0.08807065337896347	0.09343723207712173	-0.06062395245939465
rupaulsdragrace	reddevils	other	0.17743971943855286	0.2622256875038147	0.30094948410987854	0.12861596047878265	0.07161528617143631	0.10970179736614227	0.2711481750011444	0.12964797019958496	0.12847642468253154
rupaulsdragrace	todayilearned	other	-0.2712551951408386	-0.11870522052049637	-0.0829729214310646	-0.20756249129772186	-0.056391745805740356	-0.21280518174171448	-0.005113236606121063	-0.06177827715873718	0.04486298482356991
rupaulsdragrace	KerbalSpaceProgram	other	-0.012405420653522015	-0.4779437184333801	-0.12325678020715714	0.17560157179832458	0.09183453023433685	0.0712924525141716	-0.032836295664310455	0.04848223924636841	0.18742001512300485
rupaulsdragrace	justneckbeardthings	other	0.1090569868683815	0.20618346333503723	0.30177873373031616	0.21253161132335663	0.14123781025409698	0.0822359248995781	0.11233110725879669	0.12521137297153473	0.29578118557938177
rupaulsdragrace	LifeProTips	other	-0.36695703864097595	-0.44219186902046204	-0.30294308066368103	-0.33338600397109985	-0.4085729718208313	-0.22605207562446594	-0.48895180225372314	-0.40723881125450134	0.056371915248656014
rupaulsdragrace	airsoft	other	-0.038783006370067596	0.017276037484407425	-0.38695019483566284	-0.10379726439714432	-0.38526326417922974	-0.4032873511314392	0.0005280364421196282	-0.3345339894294739	0.2656942238056909
rupaulsdragrace	GameDeals	other	-0.3019646108150482	-0.20994968712329865	0.08214213699102402	-0.08953547477722168	0.020879680290818214	-0.026617560535669327	-0.3636954426765442	-0.20243008434772491	0.01903412367437709
rupaulsdragrace	toronto	other	-0.08894477784633636	-0.19255785644054413	-0.14624257385730743	-0.32331937551498413	-0.12308140099048615	-0.11305814981460571	-0.3034552037715912	-0.20951572060585022	0.2713015708716632
rupaulsdragrace	eu4	other	-0.4131471812725067	-0.4679538905620575	-0.32242709398269653	-0.6395213007926941	0.08930889517068863	-0.1740252673625946	-0.04252352565526962	-0.23968878388404846	0.252808694297326
rupaulsdragrace	cars	other	-0.33002930879592896	-0.4161141514778137	-0.24593093991279602	-0.1286812722682953	-0.32308194041252136	-0.02323460951447487	-0.5847523212432861	-0.026750242337584496	0.2017351992568249
rupaulsdragrace	Warframe	other	-0.2004939168691635	-0.11572190374135971	-0.2900228798389435	-0.008892644196748734	-0.2652750313282013	0.04679705575108528	0.04896339401602745	0.02207842282950878	0.14309349489178902
rupaulsdragrace	EarthPorn	other	-0.2618475556373596	-0.012967435643076897	-0.16723665595054626	0.06962648779153824	0.18668584525585175	0.12551042437553406	0.15621204674243927	0.17936447262763977	0.046489427001299204
rupaulsdragrace	techsupport	other	-0.29479488730430603	-0.3875488042831421	-0.47593438625335693	-0.060174405574798584	-0.32769834995269775	-0.266670823097229	-0.0843142420053482	-0.12803131341934204	0.02138047534320082
rupaulsdragrace	heroesofthestorm	other	0.019589167088270187	0.14240260422229767	-0.3056524097919464	-0.008654899895191193	-0.14484675228595734	0.13347868621349335	-0.07278643548488617	0.0013271073112264276	0.1350546208225127
rupaulsdragrace	Drugs	other	-0.6465693712234497	-0.2939433455467224	0.07345448434352875	-0.09010791033506393	-0.263406366109848	-0.27352869510650635	-0.03884429857134819	0.02547323703765869	0.31277962870650317
rupaulsdragrace	oculus	other	0.2306327074766159	0.16144433617591858	0.02094484493136406	-0.08644000440835953	-0.11357428878545761	-0.08534327894449234	0.020428448915481567	-0.12805719673633575	0.09475820556661292
rupaulsdragrace	KotakuInAction	other	-0.023994874209165573	0.1753157079219818	0.21346604824066162	0.15987375378608704	0.19336539506912231	0.027277160435914993	0.18830177187919617	0.13387157022953033	0.2166478315273238
rupaulsdragrace	exjw	other	0.15801949799060822	0.13912682235240936	0.06662436574697495	0.2208051085472107	0.05889715999364853	0.06590696424245834	0.11330071091651917	0.056227222084999084	0.2450410653733519
rupaulsdragrace	stopdrinking	other	0.11068591475486755	0.061688367277383804	-0.0018847015453502536	0.07115356624126434	-0.0667860135436058	-0.026740778237581253	0.06674911826848984	-0.10015206038951874	0.1611473474273076
rupaulsdragrace	AskWomen	other	0.023613622412085533	0.19925396144390106	0.07457558810710907	0.036510854959487915	-0.016695888713002205	0.07433002442121506	-0.051822517067193985	0.1236957386136055	0.24857012257049121
rupaulsdragrace	EDH	other	0.11104466021060944	-0.007933522574603558	0.09991150349378586	0.002674303948879242	-0.17083483934402466	-0.08677458018064499	-0.12868401408195496	0.01487659104168415	0.3791936588428789
rupaulsdragrace	photography	other	-0.081611268222332	0.20247656106948853	-0.06589684635400772	-0.18440477550029755	-0.11723969876766205	0.00394036341458559	0.02946215495467186	-0.04835807904601097	-0.020828133827718694
rupaulsdragrace	Fantasy	other	0.26145851612091064	0.34505823254585266	0.2019968330860138	0.13413317501544952	0.21303145587444305	0.05939387530088425	0.19242461025714874	0.1214105412364006	0.16682530923460426
rupaulsdragrace	femalefashionadvice	other	0.28343793749809265	0.27806273102760315	0.2212735116481781	0.18895941972732544	0.23413386940956116	0.19499735534191132	0.09323832392692566	0.23615387082099915	0.3086551188022373
rupaulsdragrace	breakingmom	other	0.13869509100914001	-0.1645696461200714	-0.04794878885149956	0.14076770842075348	0.06791975349187851	0.10806816816329956	-0.002708240645006299	0.09510644525289536	0.30294213552791255
rupaulsdragrace	BabyBumps	other	0.37357354164123535	0.005304441321641207	-0.02037513069808483	0.11959333717823029	0.07159356772899628	0.03128150850534439	0.16595251858234406	0.12005160003900528	0.10762029510455821
rupaulsdragrace	explainlikeimfive	other	-0.31460249423980713	-0.36404308676719666	-0.42002764344215393	-0.42466115951538086	-0.415667861700058	-0.4211832880973816	-0.3275969922542572	-0.39064186811447144	0.007388482221462571
rupaulsdragrace	xxfitness	other	-0.12397632002830505	-0.03254646435379982	-0.07466412335634232	0.038803424686193466	-0.049351830035448074	-0.16202938556671143	-0.2822261154651642	-0.09934690594673157	0.2191775939236603
rupaulsdragrace	TwoXChromosomes	other	-0.09087352454662323	0.06375730037689209	0.10612265765666962	-0.16242538392543793	-0.045049238950014114	-0.14344178140163422	0.000833379861433059	-0.08889814466238022	0.2195022634751991
rupaulsdragrace	Advice	other	-0.3788130581378937	-0.4766225218772888	-0.0019902295898646116	-0.271752268075943	-0.3149893283843994	-0.32021334767341614	-0.3223532736301422	-0.19746309518814087	0.1548584126236102
rupaulsdragrace	relationships	other	0.03686250001192093	-0.20606444776058197	0.15450073778629303	-0.13064512610435486	0.04066983610391617	-0.037582606077194214	0.029518213123083115	-0.006607760675251484	0.2500691670935903
GlobalOffensive	bodybuilding	other	0.45101428031921387	0.09058891236782074	0.41128110885620117	0.015500056557357311	0.20772959291934967	0.1606006622314453	0.05795171484351158	0.06190656125545502	0.059772007902563144
GlobalOffensive	Kappa	other	0.4565698206424713	0.44945207238197327	0.3778003752231598	0.2114238142967224	0.2644349932670593	0.1525258719921112	0.2349078506231308	0.22220510244369507	0.3313465392466053
GlobalOffensive	videos	other	-0.07867893576622009	0.07546469569206238	-0.23162101209163666	0.07577716559171677	0.1747307926416397	-0.008406762965023518	0.09174516797065735	0.047296855598688126	0.1411886334968143
GlobalOffensive	reddevils	different	0.2396714687347412	0.3734777867794037	0.2571370303630829	0.12669673562049866	0.15157052874565125	0.17469912767410278	0.13943536579608917	-0.1538018137216568	0.11582721071215366
GlobalOffensive	todayilearned	different	-0.2909301221370697	-0.04330703243613243	-0.2562640905380249	-0.24261192977428436	-0.032260723412036896	-0.14999552071094513	-0.06747239828109741	-0.18636146187782288	0.09155608830307145
GlobalOffensive	KerbalSpaceProgram	videogames	0.15341004729270935	0.15407705307006836	0.1593574434518814	0.11969419568777084	0.014139215461909771	-0.0672149732708931	-0.0608937069773674	0.09381430596113205	0.24903745073251782
GlobalOffensive	justneckbeardthings	other	0.03303387388586998	0.06652891635894775	0.09248536080121994	-0.05004383251070976	0.2181851714849472	0.07645262777805328	0.04123811423778534	0.1552930623292923	0.0039310746973676165
GlobalOffensive	LifeProTips	different	-0.04218160733580589	-0.08460073173046112	-0.2236727625131607	0.13310402631759644	0.1907532662153244	0.0825214833021164	0.02947711944580078	-0.00016235309885814786	0.1405764214414723
GlobalOffensive	airsoft	other	0.049260783940553665	0.1822972446680069	0.2745193839073181	0.20469029247760773	0.23997141420841217	0.2572247087955475	0.07085778564214706	0.2503809332847595	0.274382132736678
GlobalOffensive	GameDeals	other	-0.18073149025440216	0.07323943078517914	-0.18012481927871704	0.059386130422353745	0.01119642797857523	-0.019891873002052307	-0.2278406023979187	0.00968276709318161	0.2596616793187295
GlobalOffensive	toronto	other	-0.26301026344299316	-0.016648707911372185	-0.6155551671981812	-0.029921799898147583	-0.1892789602279663	-0.36070218682289124	-0.32680144906044006	-0.014697960577905178	0.034447037576468956
GlobalOffensive	eu4	videogames	-0.19343039393424988	-0.10814722627401352	0.11330997198820114	0.06760957092046738	-0.014644913375377655	0.11073840409517288	0.052600350230932236	0.12533964216709137	0.1951587868931804
GlobalOffensive	cars	other	0.007118829991668463	0.021787824109196663	-0.03790941461920738	-0.18128898739814758	-0.3963741362094879	-0.20417113602161407	0.028042085468769073	-0.3533889651298523	-0.006478458595153416
GlobalOffensive	Warframe	videogames	0.007979213260114193	0.048755720257759094	0.23759238421916962	0.275330126285553	0.15208624303340912	0.15261678397655487	0.15864162147045135	0.26255613565444946	0.2365855978476465
GlobalOffensive	EarthPorn	other	0.19383151829242706	-0.3885836899280548	-0.1921580284833908	-0.08721941709518433	-0.09126497060060501	-0.12261505424976349	0.03685393184423447	0.08057348430156708	0.059721114843469134
GlobalOffensive	techsupport	different	-0.15924465656280518	-0.10954314470291138	0.0463772788643837	0.09028310328722	0.1517466902732849	0.04099000245332718	0.11714918166399002	-0.014781102538108826	0.33718800413833117
GlobalOffensive	heroesofthestorm	videogames	0.4216623902320862	0.3419394791126251	0.3567799925804138	0.4911958873271942	0.4758265018463135	0.49754539132118225	0.31447234749794006	0.5428211688995361	0.3379240134513416
GlobalOffensive	Drugs	other	0.014499753713607788	0.12921178340911865	0.09838709980249405	-0.06202772259712219	0.057514507323503494	0.015594515949487686	-0.26476773619651794	-0.13420946896076202	0.07362173825610732
GlobalOffensive	oculus	different	0.1334172487258911	0.17857405543327332	0.23098361492156982	-0.04079364985227585	0.2509317696094513	0.10328912734985352	0.17478308081626892	0.021790673956274986	0.26268816719284244
GlobalOffensive	KotakuInAction	other	0.012420817278325558	-0.27616292238235474	-0.20565378665924072	-0.06319233030080795	0.10264365375041962	-0.05473192036151886	0.1380867063999176	0.0441848449409008	0.11176899402853124
GlobalOffensive	exjw	other	-0.424655556678772	0.02574830688536167	-0.2568165957927704	-0.08623944222927094	-0.4042470157146454	0.0978631004691124	-0.21083809435367584	0.011958606541156769	-0.03469666558988065
GlobalOffensive	stopdrinking	other	-0.20756427943706512	-0.3595758378505707	-0.019925545901060104	-0.37790626287460327	-0.1139177680015564	-0.2790778577327728	-0.06834109872579575	-0.06477692723274231	0.04248766308471128
GlobalOffensive	AskWomen	different	-0.13527490198612213	0.10427580773830414	-0.20670360326766968	-0.3745502233505249	-0.0488765649497509	-0.038327548652887344	-0.16346782445907593	-0.3380547761917114	-0.09664500788817562
GlobalOffensive	EDH	videogames	-0.22181889414787292	0.10962853580713272	-0.17567647993564606	0.0032201490830630064	0.08254005014896393	0.024614334106445312	0.013390682637691498	-0.08895079046487808	0.11171511745178203
GlobalOffensive	photography	other	0.058197278529405594	-0.008524846285581589	0.1649317592382431	-0.024839844554662704	-0.06354780495166779	0.02101714536547661	0.06668983399868011	-0.014422517269849777	-0.032911004929416045
GlobalOffensive	Fantasy	other	-0.3074631094932556	0.06607826799154282	-0.39684489369392395	-0.8143909573554993	-0.6181296110153198	-0.7121087312698364	-0.6668769717216492	-0.6305156350135803	-0.00673305529785684
GlobalOffensive	femalefashionadvice	different	-0.24536925554275513	-0.3064427375793457	-0.30652302503585815	-0.20863845944404602	-0.26573991775512695	-0.16029824316501617	-0.07543794810771942	-0.18260252475738525	-0.023552386192587257
GlobalOffensive	breakingmom	different	-0.31697216629981995	-0.3334730565547943	-0.3884069323539734	-0.0025817728601396084	-0.27263519167900085	-0.23707962036132812	-0.2454032003879547	-0.1688758283853531	0.15063314136516015
GlobalOffensive	BabyBumps	different	-0.4736912250518799	-0.4162355661392212	-0.4011051654815674	-0.07563222944736481	-0.28077301383018494	-0.22605155408382416	-0.01718950644135475	-0.17739929258823395	0.1034219415133101
GlobalOffensive	explainlikeimfive	different	0.12381082773208618	-0.03790796175599098	-0.22192485630512238	-0.13077518343925476	-0.03320872411131859	-0.0435996875166893	-0.06601385772228241	-0.28154876828193665	0.11820916658092134
GlobalOffensive	xxfitness	different	-0.12597647309303284	-0.44071149826049805	-0.11664095520973206	-0.2133871167898178	-0.09615522623062134	-0.16922925412654877	-0.22493238747119904	-0.18946866691112518	-0.043472100463020996
GlobalOffensive	TwoXChromosomes	different	0.02562917210161686	-0.32889866828918457	-0.2626130282878876	-0.20745162665843964	-0.09999480843544006	-0.20454849302768707	0.04222835227847099	-0.17242205142974854	-0.08931161986269923
GlobalOffensive	Advice	different	-0.2963460087776184	0.0032787777017802	-0.049444347620010376	-0.08554131537675858	0.004465671721845865	-0.11967833340167999	-0.16771964728832245	-0.07780906558036804	0.049487916870888965
GlobalOffensive	relationships	different	-0.13023260235786438	-0.16423048079013824	0.12757760286331177	-0.10984577983617783	-0.10009842365980148	-0.025136973708868027	-0.261442095041275	-0.09705223143100739	-0.02238048542945898
bodybuilding	Kappa	other	0.14147816598415375	-0.060629550367593765	-0.0076929060742259026	0.18437141180038452	0.20826591551303864	0.22000297904014587	0.1969299614429474	0.25863415002822876	0.059771851665932456
bodybuilding	videos	other	-0.050722915679216385	0.019973399117588997	-0.016505558043718338	-0.07279252260923386	0.12544715404510498	0.05878118425607681	0.04564393311738968	-0.07118910551071167	0.18129340261593208
bodybuilding	reddevils	other	0.1430370807647705	-0.046440426260232925	0.05193909630179405	-0.0916280448436737	0.15839512646198273	-0.1112862229347229	-0.03872179985046387	0.02621074952185154	0.4008299146869722
bodybuilding	todayilearned	other	-0.1451546847820282	-0.046964697539806366	0.0021733781322836876	-0.11061225086450577	0.029220663011074066	-0.1058424711227417	-0.09235920011997223	-0.08564485609531403	0.14986664895835858
bodybuilding	KerbalSpaceProgram	other	-0.15918061137199402	-0.2504779100418091	-0.23255331814289093	0.05593850091099739	-0.016091326251626015	0.03774352744221687	0.010370601899921894	0.006534752901643515	0.14488780430757267
bodybuilding	justneckbeardthings	other	0.07868380844593048	0.13903984427452087	0.033220306038856506	0.1203136146068573	0.16854608058929443	0.30780383944511414	0.27227893471717834	0.2366756945848465	0.23590252667305792
bodybuilding	LifeProTips	other	0.21648292243480682	0.10527194291353226	-0.021812541410326958	0.15905876457691193	0.038326285779476166	0.1689528077840805	-0.020252177491784096	0.19410757720470428	0.3602028687021301
bodybuilding	airsoft	other	0.037805669009685516	-0.1266535222530365	0.23168914020061493	-0.009262016043066978	-0.02081328071653843	-0.0065277996473014355	0.11108844727277756	-0.10729721188545227	0.20060276411612754
bodybuilding	GameDeals	other	-0.3531334102153778	-0.49593085050582886	-0.543974757194519	-0.6035628318786621	-0.5263407826423645	-0.5546780228614807	-0.1390969306230545	-0.4727467894554138	0.17512706755476493
bodybuilding	toronto	other	-0.37031370401382446	-0.4960120916366577	-0.23178938031196594	-0.32950884103775024	-0.15933556854724884	-0.43743404746055603	0.055242870002985	-0.3348115384578705	0.4538779410957668
bodybuilding	eu4	other	-0.34647542238235474	-0.21288274228572845	-0.10725492238998413	0.06805527955293655	-0.30071982741355896	-0.21114970743656158	0.012480240315198898	0.011571253649890423	0.1335388609207052
bodybuilding	cars	other	-0.047251395881175995	-0.10791034251451492	0.12325072288513184	0.09458938241004944	-0.0075499820522964	-0.03220696747303009	0.18835872411727905	-0.054045576602220535	0.4266906788993213
bodybuilding	Warframe	other	-0.11468563973903656	-0.021785955876111984	-0.371102511882782	0.07692267745733261	0.17560045421123505	-0.09281153231859207	-0.08003338426351547	0.016189616173505783	0.034647079660554116
bodybuilding	EarthPorn	other	-0.15122264623641968	0.1826336830854416	0.13337638974189758	-0.2162691354751587	-0.03598950058221817	-0.07310818135738373	0.009642002172768116	-0.10669717192649841	0.22618724220678754
bodybuilding	techsupport	other	-0.47405463457107544	-0.08729711920022964	-0.20902511477470398	-0.10115500539541245	-0.39720475673675537	-0.12317995727062225	-0.5985540747642517	-0.20408880710601807	0.2489525556473027
bodybuilding	heroesofthestorm	other	0.1429213434457779	0.15806274116039276	-0.18934641778469086	-0.16673165559768677	-0.147739976644516	-0.13673478364944458	-0.10196573287248611	-0.28757238388061523	0.025298303126059626
bodybuilding	Drugs	other	0.4092159569263458	0.4083421230316162	0.420737087726593	0.264204204082489	0.2995244860649109	0.2814536988735199	0.2840648889541626	0.29645249247550964	0.3580187023335784
bodybuilding	oculus	other	-0.32001015543937683	-0.5639622807502747	-0.11052271723747253	-0.1790006309747696	-0.2154611349105835	0.055663418024778366	-0.045374371111392975	-0.026276666671037674	0.0906973289704085
bodybuilding	KotakuInAction	other	-0.45829635858535767	-0.21196909248828888	-0.3291281759738922	-0.13355831801891327	-0.2558903098106384	-0.2129325568675995	-0.09380089491605759	-0.3175497353076935	0.055614608393451254
bodybuilding	exjw	other	-0.21884526312351227	-0.3882856070995331	0.003621080657467246	-0.3324481248855591	-0.05675465241074562	-0.17482367157936096	-0.24408583343029022	-0.28616854548454285	0.25954738077834566
bodybuilding	stopdrinking	other	0.17494460940361023	0.19966378808021545	-0.033596061170101166	0.11500440537929535	0.00875847227871418	0.04515314847230911	0.1067921370267868	0.1664016991853714	0.12600081460773108
bodybuilding	AskWomen	other	0.22836807370185852	0.20604093372821808	0.11139786243438721	0.16437533497810364	0.02156093902885914	0.18263942003250122	0.04471829533576965	0.1196715235710144	0.32456966867683373
bodybuilding	EDH	other	-0.3359687924385071	0.024219516664743423	-0.3825427293777466	-0.11170800775289536	-0.2111774981021881	0.013515941798686981	-0.22016161680221558	-0.05648667365312576	0.22812541411242754
bodybuilding	photography	other	-0.1750272959470749	-0.022973906248807907	-0.03367755934596062	-0.14768461883068085	-0.03724527359008789	-0.0992925614118576	0.04526882618665695	-0.05062558874487877	0.24909372220273046
bodybuilding	Fantasy	other	-0.40393495559692383	-0.5041066408157349	-0.34154534339904785	-0.19541960954666138	-0.47308000922203064	-0.1615365892648697	-0.28413984179496765	-0.3066106140613556	0.09390729199061316
bodybuilding	femalefashionadvice	other	-0.08712149411439896	-0.07081451267004013	0.019091594964265823	-0.04232068359851837	-0.01882719248533249	-0.026701442897319794	-0.13936270773410797	-0.03876880928874016	0.42541500854986125
bodybuilding	breakingmom	other	0.250641793012619	-0.024133047088980675	0.0696616843342781	-0.16317088901996613	-0.09814722090959549	-0.078664131462574	-0.1532820463180542	-0.06598477065563202	0.17013859964967187
bodybuilding	BabyBumps	other	0.15474830567836761	0.16458892822265625	-0.0005882410332560539	-0.0759798139333725	-0.03202086314558983	-0.09707633405923843	-0.02140764892101288	0.004178778734058142	0.06747518686991658
bodybuilding	explainlikeimfive	other	-0.08734577149152756	-0.18227776885032654	0.050066012889146805	-0.06896376609802246	-0.06093817204236984	-0.054211799055337906	-0.15264517068862915	-0.07928189635276794	0.25482495357026663
bodybuilding	xxfitness	other	0.5343663096427917	0.3823046386241913	0.5465021133422852	0.7151007652282715	0.6074436902999878	0.6255939602851868	0.5745245814323425	0.6716440916061401	0.47847936581555445
bodybuilding	TwoXChromosomes	other	0.05115923658013344	-0.07929788529872894	-0.025029052048921585	-0.07618402689695358	-0.03778640925884247	-0.19795873761177063	0.01955627277493477	-0.15007160604000092	0.27039848160788
bodybuilding	Advice	other	-0.024295572191476822	0.13597457110881805	-0.020760463550686836	-0.07483311742544174	-0.0764366015791893	-0.12120168656110764	-0.04214809089899063	-0.08382175117731094	0.38414673307071506
bodybuilding	relationships	other	0.07761698961257935	0.04412529245018959	0.07558301836252213	-0.10390379279851913	-0.13274195790290833	-0.14149880409240723	-0.023730728775262833	-0.1008845791220665	0.37783527085094876
Kappa	videos	other	0.17573396861553192	0.29827776551246643	0.09179723262786865	0.16114209592342377	0.2163885086774826	0.204524964094162	0.14407773315906525	0.17046917974948883	0.05014944791197621
Kappa	reddevils	other	-0.17048542201519012	0.36573171615600586	0.05504750832915306	0.04227191209793091	0.11363482475280762	0.10660534352064133	0.20026177167892456	0.09683926403522491	0.12062366926432744
Kappa	todayilearned	other	-0.14503319561481476	0.11580576002597809	0.028208710253238678	-0.06078305095434189	-0.0383208803832531	-0.07510685175657272	-0.002120891585946083	-0.06743226200342178	-0.003072326952524496
Kappa	KerbalSpaceProgram	other	-0.2022922933101654	-0.5565258860588074	-0.227317214012146	0.004427236970514059	0.05144372954964638	-0.1641438901424408	-0.2111421823501587	-0.11765053123235703	0.10799267866684735
Kappa	justneckbeardthings	other	0.3959541618824005	0.06941952556371689	0.3846641778945923	0.3203418254852295	0.20807072520256042	0.2565823793411255	0.3078537881374359	0.22456789016723633	0.1579067896876608
Kappa	LifeProTips	other	0.11600666493177414	-0.0508064441382885	-0.2647923529148102	0.03287624940276146	-0.019762706011533737	-0.13325652480125427	-0.18231622874736786	-0.08936182409524918	-0.04775146182631185
Kappa	airsoft	other	-0.4014456570148468	-0.029079748317599297	-0.12476576864719391	-0.6169186234474182	-0.4942884147167206	-0.2731687128543854	-0.496126651763916	-0.1872589886188507	0.2056016167673364
Kappa	GameDeals	other	0.06413037329912186	0.09762683510780334	0.027040256187319756	0.21048188209533691	0.2108786702156067	0.1943151205778122	0.1726682335138321	0.25127318501472473	0.08121391048442725
Kappa	toronto	other	0.016359644010663033	0.040370725095272064	0.08242694288492203	0.15075944364070892	0.23875534534454346	0.1073249951004982	0.09960358589887619	-0.16202619671821594	0.14993653470601537
Kappa	eu4	other	-0.20349255204200745	-0.2246505171060562	-0.04663524031639099	-0.12444085627794266	-0.021049367263913155	0.05223646014928818	-0.12629981338977814	-0.13739846646785736	0.155266827412103
Kappa	cars	other	-0.23338986933231354	-0.23642732203006744	-0.11194456368684769	-0.037935711443424225	-0.0734512135386467	-0.3704882860183716	-0.14595143496990204	-0.03574090823531151	0.036626630797649364
Kappa	Warframe	other	-0.0302517618983984	-0.16691997647285461	0.19694632291793823	0.07110302150249481	0.03499729186296463	0.0061528850346803665	-0.21537640690803528	0.1556936502456665	0.20000629616428067
Kappa	EarthPorn	other	-0.15352767705917358	-0.26510828733444214	-0.15030622482299805	-0.2566845715045929	-0.29890915751457214	-0.24608516693115234	0.17253583669662476	-0.5159463882446289	0.05245544345439616
Kappa	techsupport	other	-0.1331266611814499	-0.39474013447761536	-0.20124578475952148	-0.02801680564880371	-0.14847432076931	0.12910467386245728	-0.3601590692996979	-0.020022697746753693	-0.0905231350106671
Kappa	heroesofthestorm	other	-0.01291448064148426	0.19175386428833008	0.10392814129590988	0.15592043101787567	0.24802163243293762	0.24059192836284637	0.14772196114063263	0.21509458124637604	0.3915680152773305
Kappa	Drugs	other	-0.37669456005096436	-0.19484618306159973	0.041438501328229904	-0.05741821601986885	0.07337509095668793	0.08758797496557236	-0.22768081724643707	0.060590386390686035	0.03971248623435854
Kappa	oculus	other	0.1733933538198471	-0.1591753214597702	-0.049942295998334885	-0.015866143628954887	-0.13461492955684662	0.09388545155525208	0.20706379413604736	0.04322843626141548	0.10442431648285212
Kappa	KotakuInAction	other	0.35273686051368713	0.34389737248420715	0.3790207803249359	0.29725024104118347	0.29177388548851013	0.3409474492073059	0.2394072413444519	0.30421680212020874	0.28314227478572673
Kappa	exjw	other	-0.14505304396152496	0.03600301221013069	0.08612313121557236	-0.45013928413391113	-0.17017415165901184	-0.5701324939727783	0.12934164702892303	-0.2706356346607208	0.14156417564170234
Kappa	stopdrinking	other	-0.38412681221961975	0.00194204889703542	-0.03647104650735855	0.07624343782663345	-0.018093284219503403	-0.2266334891319275	-0.16511496901512146	-0.43050312995910645	-0.06870121576559689
Kappa	AskWomen	other	0.1728898286819458	0.20756642520427704	-0.43924736976623535	-0.031468864530324936	-0.29140505194664	-0.18631070852279663	-0.13862134516239166	-0.12344050407409668	-0.008783725880403442
Kappa	EDH	other	-0.09948547184467316	-0.04305160790681839	-0.02189970575273037	0.030938686802983284	-0.060766879469156265	-0.04169179126620293	0.18307821452617645	0.04540018364787102	0.253644030062544
Kappa	photography	other	-0.25604119896888733	-0.09570714831352234	-0.30542102456092834	-0.10686397552490234	-0.27832159399986267	-0.1420527845621109	-0.14461158215999603	-0.6040866374969482	-0.03058638499882361
Kappa	Fantasy	other	-0.18532150983810425	0.27286991477012634	-0.3699570894241333	-0.1766592115163803	-0.07649554312229156	-0.04231435805559158	-0.3713645339012146	-0.1837031990289688	0.05984389010001129
Kappa	femalefashionadvice	other	-0.0909925177693367	-0.004672511480748653	-0.08524712175130844	-0.060476284474134445	-0.1863470822572708	-0.2960641384124756	-0.2513290047645569	-0.13466884195804596	0.06793429945200471
Kappa	breakingmom	other	0.16098806262016296	-0.38080447912216187	-0.09774767607450485	-0.2860063910484314	-0.2750967741012573	-0.18360468745231628	0.10638021677732468	-0.0665106549859047	0.23732101131055747
Kappa	BabyBumps	other	-0.2549305856227875	-0.5028964877128601	-0.07452850788831711	-0.5073591470718384	-0.5604800581932068	-0.37893491983413696	-0.19291259348392487	-0.1574241667985916	0.2822293559527901
Kappa	explainlikeimfive	other	-0.2166464477777481	-0.03701797127723694	-0.3983971178531647	-0.1534023880958557	-0.31736716628074646	-0.29414716362953186	-0.3424154222011566	-0.2459694892168045	-0.0823406753883168
Kappa	xxfitness	other	-0.25811100006103516	-0.39386963844299316	-0.5217159986495972	-0.14872954785823822	-0.12675446271896362	-0.14291489124298096	-0.1764765828847885	-0.06065183877944946	0.04814800687604742
Kappa	TwoXChromosomes	other	-0.09977346658706665	-0.15555186569690704	-0.14186471700668335	-0.20216935873031616	-0.39405882358551025	-0.18087515234947205	-0.18468347191810608	-0.23825249075889587	-0.020838988577214182
Kappa	Advice	other	-0.1747422218322754	-0.04828531667590141	-0.21550175547599792	-0.15064850449562073	-0.04139316827058792	-0.07502622157335281	-0.24315674602985382	-0.30599692463874817	-0.04775476552701765
Kappa	relationships	other	0.04074089974164963	-0.16270816326141357	0.020804891362786293	-0.08611395210027695	0.010436923243105412	0.10544591397047043	0.005894618574529886	-0.28478315472602844	0.06660432219588878
videos	reddevils	other	-0.17483951151371002	-0.07313470542430878	-0.04315101355314255	-0.056021202355623245	-0.10951495170593262	0.008075093850493431	0.07001401484012604	-0.16160167753696442	0.09747721549112526
videos	todayilearned	other	0.810175895690918	0.7152574062347412	0.7922841906547546	0.7627909183502197	0.7817620038986206	0.7345775961875916	0.7275415658950806	0.7379536628723145	0.41803775530634535
videos	KerbalSpaceProgram	other	0.11958476901054382	0.05387062951922417	-0.11616838723421097	-0.06634137779474258	-0.07573826611042023	-0.06593256443738937	0.04838912561535835	0.04416174069046974	0.13876824403232296
videos	justneckbeardthings	other	0.3439529240131378	0.30911946296691895	0.49083152413368225	0.4519672393798828	0.4747748374938965	0.5127474069595337	0.461516797542572	0.3545321524143219	0.1365895097277017
videos	LifeProTips	other	0.11902261525392532	0.21221484243869781	0.5069059133529663	0.29615554213523865	0.37220120429992676	0.390593945980072	0.36767998337745667	0.27731719613075256	0.30938827522533424
videos	airsoft	other	0.19332075119018555	-0.27216705679893494	-0.19677835702896118	-0.015592223033308983	-0.08716676384210587	-0.1666061133146286	0.07151678949594498	-0.05634041503071785	0.013333132905410574
videos	GameDeals	other	-0.271886944770813	0.054063934832811356	-0.2177962213754654	-0.20156508684158325	-0.29412078857421875	-0.35006633400917053	-0.40372776985168457	-0.22560018301010132	0.0894726799070406
videos	toronto	other	0.1123865619301796	0.4473784267902374	0.4280129373073578	0.363525390625	0.387118935585022	0.45406997203826904	0.3563691973686218	0.41627466678619385	0.12253219663807084
videos	eu4	other	-0.08543287962675095	-0.008986387401819229	-0.37450510263442993	-0.3006131052970886	-0.17324388027191162	-0.27108338475227356	-0.3042474389076233	-0.31683531403541565	-0.055276875612258226
videos	cars	other	0.2673546373844147	0.21778255701065063	0.18512557446956635	0.2357579618692398	0.21461886167526245	0.3007940649986267	0.2264292687177658	0.36497458815574646	0.18375827714098636
videos	Warframe	other	0.2377949208021164	-0.32921746373176575	-0.04033743590116501	-0.14920605719089508	-0.10557395964860916	-0.06168527528643608	-0.08264333754777908	-0.10654991120100021	-0.0896977253833922
videos	EarthPorn	other	-0.021502317860722542	0.17289328575134277	0.30317047238349915	0.15500283241271973	0.13168220221996307	0.013358036056160927	0.0558837428689003	0.24434976279735565	0.3086628719323486
videos	techsupport	other	-0.3028858006000519	-0.3232992887496948	-0.10588643699884415	-0.20456397533416748	-0.1623091995716095	-0.29675665497779846	-0.19658558070659637	-0.20378650724887848	0.057956694725968254
videos	heroesofthestorm	other	-0.14403434097766876	-0.006177431438118219	-0.26105833053588867	-0.2494613081216812	0.01795617677271366	-0.09641909599304199	-0.1823602318763733	-0.231577068567276	0.09462679625300673
videos	Drugs	other	-0.10755109041929245	-0.04914470016956329	0.057199716567993164	0.0742037296295166	0.15467064082622528	0.10368241369724274	0.022559622302651405	-0.010140386410057545	0.05342502459372168
videos	oculus	other	-0.23748551309108734	-0.1854306012392044	-0.0541931688785553	0.006518290378153324	-0.10333786904811859	-0.1916147917509079	0.08996591717004776	0.00412187771871686	0.12761764624204708
videos	KotakuInAction	other	0.16799932718276978	0.06236713007092476	0.4192788302898407	0.32896310091018677	0.24684733152389526	0.3303482234477997	0.1953102946281433	0.2564179003238678	0.09641953967484437
videos	exjw	other	-0.10861741006374359	0.0028741222340613604	0.11161231994628906	0.15480738878250122	-0.017051560804247856	0.06931206583976746	0.07416362315416336	0.11474771797657013	0.06544833976317227
videos	stopdrinking	other	-0.3040807545185089	-0.13514576852321625	-0.2646986246109009	-0.3131210207939148	-0.2037467360496521	-0.20336636900901794	-0.09915971755981445	-0.41959354281425476	-0.02252522091391044
videos	AskWomen	other	0.20964746177196503	0.01789909042418003	0.1547173112630844	-0.10042129456996918	0.03017854131758213	0.06542930006980896	-0.004893478937447071	-0.1936928629875183	-0.06020803888808225
videos	EDH	other	-0.06056640297174454	-0.22574855387210846	-0.31809014081954956	-0.34324416518211365	-0.5032620429992676	-0.2582211196422577	-0.37141457200050354	-0.21974000334739685	-0.13660471995092233
videos	photography	other	-0.21694795787334442	-0.09680166840553284	0.009875363670289516	-0.21964305639266968	-0.18768258392810822	-0.1511405110359192	-0.14566169679164886	-0.09002629667520523	0.18298393721027884
videos	Fantasy	other	-0.0027497115079313517	0.07181697338819504	-0.08769705146551132	-0.13308139145374298	-0.05293464660644531	-0.16651448607444763	-0.11087650805711746	-0.12193317711353302	0.021080400583973837
videos	femalefashionadvice	other	-0.1926082819700241	-0.3990301787853241	-0.31585580110549927	-0.4587017893791199	-0.5721363425254822	-0.4916801154613495	-0.36575013399124146	-0.4921291172504425	-0.09945495012574454
videos	breakingmom	other	-0.07638940960168839	0.06429146975278854	-0.05474197492003441	-0.07414252310991287	-0.014313130639493465	-0.011218459345400333	-0.063376285135746	-0.1433708518743515	-0.16017833226146416
videos	BabyBumps	other	-0.215795636177063	-0.3951616585254669	-0.47010520100593567	-0.2505611181259155	-0.283155232667923	-0.3783213198184967	-0.3049614429473877	-0.34891048073768616	-0.07413885493328991
videos	explainlikeimfive	other	0.3380430340766907	0.2392318844795227	0.4240158200263977	0.6092321276664734	0.4866226315498352	0.5263941287994385	0.49550139904022217	0.5544419288635254	0.24114628118021714
videos	xxfitness	other	-0.31867167353630066	-0.4050239324569702	-0.36211949586868286	-0.43241581320762634	-0.3097233772277832	-0.31718239188194275	-0.36889731884002686	-0.4582673907279968	-0.07266722707068254
videos	TwoXChromosomes	other	-0.03950349614024162	-0.003536080475896597	0.10013525933027267	0.11727479100227356	0.23476281762123108	0.24487999081611633	0.14243349432945251	-0.06963608413934708	0.0935326949692103
videos	Advice	other	-0.3602909743785858	-0.10662355273962021	0.12556497752666473	-0.10540563613176346	-0.08029316365718842	-0.006591237615793943	0.008898131549358368	-0.1565660536289215	0.0476197829301957
videos	relationships	other	-0.18175752460956573	0.09929456561803818	0.012450980953872204	-0.12473007291555405	-0.02017923630774021	0.033198293298482895	-0.05085192620754242	-0.19149483740329742	-0.061542065962826284
reddevils	todayilearned	different	-0.1659713238477707	0.10254937410354614	-0.030842239037156105	-0.29157212376594543	-0.19141152501106262	-0.15164993703365326	-0.1346934735774994	-0.11105041205883026	0.1062644848971448
reddevils	KerbalSpaceProgram	different	-0.014751413837075233	-0.018693018704652786	0.06562107056379318	0.02077050879597664	0.06563571095466614	-0.16026467084884644	0.13126236200332642	-0.28389737010002136	0.1582918391460901
reddevils	justneckbeardthings	other	-0.21716250479221344	0.01623794622719288	-0.19431646168231964	-0.050029780715703964	-0.04013032838702202	-0.05340572074055672	-0.11823175102472305	-0.06780882924795151	0.15573582836288274
reddevils	LifeProTips	different	-0.3532883822917938	-0.10472845286130905	-0.644038200378418	-0.7023414969444275	-0.4612850248813629	-0.513429582118988	-0.4503413736820221	-0.5506851077079773	0.03198789772743789
reddevils	airsoft	other	0.05351831018924713	-0.38141655921936035	-0.021081803366541862	0.028618549928069115	0.055491674691438675	0.19035355746746063	0.1957685351371765	0.05871375650167465	0.040032865975441555
reddevils	GameDeals	other	-0.10628844797611237	-0.1328798234462738	0.1961541324853897	0.06166067719459534	-0.21590495109558105	0.10190126299858093	-0.02041366510093212	0.00803950522094965	0.2968454278624746
reddevils	toronto	other	0.13722075521945953	0.06474366784095764	-0.06525199860334396	-0.16215161979198456	-0.10746194422245026	-0.12413720786571503	-0.16146700084209442	0.023803800344467163	0.34837894733052366
reddevils	eu4	different	0.17098388075828552	0.0008290409459732473	0.35420405864715576	0.09173078835010529	0.12826262414455414	-0.02515576221048832	0.00891218613833189	0.10200224816799164	0.2308627540861547
reddevils	cars	other	0.19087129831314087	-0.1975778043270111	0.06421974301338196	0.10712972283363342	0.05398741737008095	-0.01601480133831501	0.07604175060987473	-0.15212908387184143	0.1059585092500735
reddevils	Warframe	different	0.03858432173728943	0.34132376313209534	-0.20691841840744019	0.0021903449669480324	-0.12616682052612305	0.02821064367890358	0.017597027122974396	0.17211948335170746	0.13970155244053606
reddevils	EarthPorn	other	0.03112362138926983	-0.14041808247566223	0.06921043992042542	-0.01992347463965416	0.030353954061865807	0.1419399082660675	-0.24776937067508698	-0.11392182856798172	0.20690915479402294
reddevils	techsupport	different	-0.3575071692466736	-0.2824486494064331	-0.3411393463611603	-0.20941007137298584	-0.30602407455444336	-0.5462091565132141	-0.18879228830337524	-0.0344446524977684	0.006828135544042249
reddevils	heroesofthestorm	different	0.41715723276138306	0.16761015355587006	-0.0956922322511673	-0.06257953494787216	-0.07035550475120544	0.012012692168354988	-0.0577884241938591	-0.017032064497470856	0.10317835300051753
reddevils	Drugs	other	0.023700132966041565	0.0480315126478672	0.039577387273311615	-0.08243318647146225	0.12332319468259811	0.13078121840953827	-0.08961419016122818	-0.055900365114212036	0.1002011698806289
reddevils	oculus	different	-0.05255258083343506	0.0956391841173172	0.17378388345241547	0.12088588625192642	0.2608495056629181	0.1767873615026474	0.2106696367263794	0.12106792628765106	0.13912435107135476
reddevils	KotakuInAction	other	-0.1138625219464302	0.1470051407814026	0.019997932016849518	0.07298099249601364	-0.018304508179426193	-0.15465091168880463	-0.09513670206069946	0.1421189159154892	0.2135549950683231
reddevils	exjw	other	0.04899142310023308	0.2101079225540161	-0.019897401332855225	0.047850869596004486	0.0997551828622818	-0.04700006917119026	-0.5321792960166931	-0.4897414445877075	0.2629771013105516
reddevils	stopdrinking	other	-0.07855051755905151	0.2271941751241684	-0.044776152819395065	0.04745093733072281	-0.008718130178749561	-0.09882290661334991	-0.1547376811504364	0.09463320672512054	0.14245892545545588
reddevils	AskWomen	different	-0.5198900103569031	0.060287173837423325	-0.2348739206790924	-0.18529586493968964	-0.19957134127616882	-0.2109605222940445	-0.15289650857448578	-0.007448391988873482	0.04942137246575148
reddevils	EDH	different	-0.07819884270429611	-0.4040446877479553	-0.23749813437461853	-0.17508114874362946	0.08004750311374664	0.008780695497989655	0.16272377967834473	-0.05650585517287254	0.11496644498295941
reddevils	photography	other	-0.19161421060562134	-0.4320794641971588	-0.08905261009931564	0.07991967350244522	-0.45064398646354675	-0.014617478474974632	-0.10308118909597397	-0.07004441320896149	0.007011624453668717
reddevils	Fantasy	other	0.20414979755878448	-0.052331168204545975	0.12868914008140564	-0.07073699682950974	-0.2609354853630066	-0.059112098067998886	-0.14641854166984558	0.14266039431095123	0.07911191830146941
reddevils	femalefashionadvice	different	-0.4961758852005005	-0.20780064165592194	-0.3962439298629761	-0.015500337816774845	-0.06814668327569962	-0.2120208889245987	-0.2580237090587616	-0.15435752272605896	0.15712939803476084
reddevils	breakingmom	different	-0.18534769117832184	-0.11044973880052567	-0.14836612343788147	-0.11626757681369781	-0.06397164613008499	0.09477558732032776	0.1078978106379509	-0.2045930027961731	0.25906577425540617
reddevils	BabyBumps	different	-0.12243106216192245	-0.2043839693069458	-0.13162358105182648	-0.008701203390955925	0.05825628712773323	0.1588846892118454	0.16127698123455048	-0.05791778117418289	0.19290492323966252
reddevils	explainlikeimfive	different	-0.26387277245521545	-0.17089344561100006	-0.2279045134782791	-0.3901507258415222	-0.16131411492824554	-0.2787230610847473	-0.20280513167381287	-0.21725404262542725	0.08820459356338017
reddevils	xxfitness	different	-0.23345112800598145	-0.02809986099600792	-0.22152447700500488	-0.21022316813468933	-0.06219194829463959	-0.3606955111026764	-0.310010701417923	-0.08101052045822144	0.16636071630901578
reddevils	TwoXChromosomes	different	-0.0038247040938585997	-0.3111661374568939	-0.07377195358276367	-0.058974746614694595	-0.07671859115362167	-0.17487558722496033	-0.02319241687655449	0.014250951819121838	0.09329914005829322
reddevils	Advice	different	-0.1258312314748764	-0.14504805207252502	-0.3262878358364105	-0.02448282577097416	-0.1298942267894745	-0.12220074236392975	-0.03434464707970619	-0.13331745564937592	0.014564596649383602
reddevils	relationships	different	0.10310585051774979	-0.29366591572761536	-0.12864349782466888	0.03582121431827545	-0.061643097549676895	0.04489867761731148	0.1553390920162201	0.02397157810628414	0.08666913689289217
todayilearned	KerbalSpaceProgram	different	0.18334992229938507	0.029262160882353783	-0.22676777839660645	-0.027430081740021706	-0.1490742266178131	0.0694049522280693	0.08832722902297974	-0.1370285600423813	0.213620630325495
todayilearned	justneckbeardthings	other	0.25574231147766113	0.26007938385009766	0.35490429401397705	0.3076654076576233	0.3783404231071472	0.34831854701042175	0.38443806767463684	0.35118579864501953	0.31873354414085087
todayilearned	LifeProTips	general-interest	0.2588483989238739	0.07841114699840546	0.33734044432640076	0.35391905903816223	0.24756719172000885	0.32837069034576416	0.32445043325424194	0.32082006335258484	0.6607389756421165
todayilearned	airsoft	other	0.07126523554325104	-0.506966769695282	-0.3155015707015991	-0.15093070268630981	-0.1310148984193802	-0.17386379837989807	-0.1875058114528656	-0.25450316071510315	-0.009519764443772435
todayilearned	GameDeals	other	-0.2475459724664688	-0.043980922549963	-0.4155977666378021	-0.13742972910404205	-0.25344210863113403	-0.12420568615198135	-0.2556339502334595	-0.1306242048740387	0.03748551169077525
todayilearned	toronto	other	0.3272547423839569	0.17584748566150665	0.37154337763786316	0.4141879975795746	0.3718183934688568	0.45056039094924927	0.2358025461435318	0.41872647404670715	0.15018020916624006
todayilearned	eu4	different	0.26416173577308655	0.2851313054561615	0.10921187698841095	0.10659244656562805	0.10742229223251343	0.15287519991397858	0.16147129237651825	0.12797211110591888	0.12040433021195342
todayilearned	cars	other	0.17828762531280518	0.01232044119387865	0.09814196825027466	0.09685255587100983	0.08421347290277481	0.12794138491153717	0.07227747142314911	0.02702293172478676	0.08541955662754831
todayilearned	Warframe	different	0.041462045162916183	-0.022324297577142715	-0.027095623314380646	-0.1464289128780365	-0.11277101188898087	-0.017939148470759392	0.12695346772670746	-0.14581884443759918	-0.10119801308071084
todayilearned	EarthPorn	other	0.08960136026144028	0.14749418199062347	0.15710566937923431	0.3207487463951111	0.2801293730735779	0.1635785549879074	0.21715085208415985	0.30867987871170044	0.3459744231810476
todayilearned	techsupport	different	-0.2540039122104645	-0.19679610431194305	-0.04681405425071716	-0.32184457778930664	-0.07288067042827606	-0.2693767845630646	-0.26948830485343933	-0.2610511779785156	0.15980135161772405
todayilearned	heroesofthestorm	different	-0.29637840390205383	0.0726761743426323	-0.29230061173439026	-0.1910259872674942	-0.13354572653770447	-0.027942385524511337	-0.2408909648656845	-0.35542115569114685	-0.017215895830131216
todayilearned	Drugs	other	0.12768416106700897	0.1804470270872116	0.049208465963602066	0.17329469323158264	0.25993984937667847	0.20365729928016663	0.2269851267337799	0.20521144568920135	0.07410265230335891
todayilearned	oculus	different	-0.3166080415248871	-0.15658047795295715	-0.07915206998586655	-0.08811712265014648	-0.15405255556106567	-0.15170322358608246	-0.19944901764392853	-0.23057147860527039	0.0467153028113965
todayilearned	KotakuInAction	other	0.10506117343902588	0.10104124993085861	0.4522325396537781	0.1873764544725418	0.3642011284828186	0.3625229299068451	0.151386559009552	0.2944737672805786	0.04211475494739638
todayilearned	exjw	other	0.12188959866762161	0.030448582023382187	0.25735682249069214	0.24906137585639954	0.2819644510746002	0.21769866347312927	0.26533451676368713	0.2498777210712433	0.09126899242923923
todayilearned	stopdrinking	other	-0.06479035317897797	-0.02838420309126377	-0.3666466772556305	-0.02336987853050232	-0.16481822729110718	-0.006371164228767157	-0.08151546865701675	-0.07054257392883301	0.12813022597384488
todayilearned	AskWomen	different	0.15434880554676056	0.0761021077632904	0.04852595552802086	0.008143479004502296	-0.08356419205665588	0.011151181533932686	0.05472734570503235	0.0689198225736618	0.19639217903236061
todayilearned	EDH	different	-0.245499849319458	-0.19280199706554413	-0.05566774308681488	-0.3267565369606018	-0.2693292796611786	-0.24466060101985931	-0.08764760196208954	-0.17930968105793	-0.1013649169094574
todayilearned	photography	other	-0.2413175255060196	-0.31471219658851624	-0.14487038552761078	-0.27381840348243713	-0.13932546973228455	-0.18285836279392242	-0.32985779643058777	-0.22348006069660187	0.15167471383791548
todayilearned	Fantasy	other	0.014831925742328167	0.04614463448524475	-0.020587926730513573	0.17736466228961945	0.17097917199134827	0.1633223444223404	-0.002666322747245431	0.10018357634544373	0.04481671684022806
todayilearned	femalefashionadvice	different	-0.33417820930480957	-0.2910483479499817	-0.3604932427406311	-0.38314202427864075	-0.4274054169654846	-0.4262678921222687	-0.36893150210380554	-0.43012285232543945	0.03354121949828047
todayilearned	breakingmom	different	-0.056620508432388306	-0.1221938356757164	-0.21197830140590668	-0.0008890312747098505	-0.19664667546749115	-0.1864449679851532	-0.04273207485675812	-0.18004663288593292	-0.0834691795769343
todayilearned	BabyBumps	different	-0.08972037583589554	-0.47992655634880066	-0.4852435886859894	-0.09832708537578583	-0.30330803990364075	-0.31136733293533325	-0.15989059209823608	-0.28912630677223206	-0.03194663561468023
todayilearned	explainlikeimfive	general-interest	0.5761962532997131	0.6595380306243896	0.7494238615036011	0.8472726941108704	0.7702876329421997	0.847480297088623	0.7462531924247742	0.7730152010917664	0.6387084909676577
todayilearned	xxfitness	different	-0.2748582065105438	-0.18274517357349396	-0.2798440754413605	-0.2687899172306061	-0.28456681966781616	-0.2593957185745239	-0.33425456285476685	-0.3346550166606903	0.05664680505556347
todayilearned	TwoXChromosomes	different	0.17039118707180023	0.18045862019062042	0.30147725343704224	0.17926771938800812	0.3383637070655823	0.2883843183517456	0.28567349910736084	0.2721738815307617	0.343339390547856
todayilearned	Advice	general-interest	-0.08926214277744293	-0.12594598531723022	0.011481567285954952	-0.18678094446659088	-0.2902609705924988	-0.17852671444416046	-0.14324341714382172	-0.07092297822237015	0.26753063246819525
todayilearned	relationships	general-interest	-0.18934686481952667	-0.04341854900121689	-0.08697504550218582	-0.199142187833786	-0.29189229011535645	-0.25770777463912964	-0.14289160072803497	-0.07941579818725586	0.11833690375055532
KerbalSpaceProgram	justneckbeardthings	other	-0.2710295617580414	0.1507713347673416	0.17024610936641693	-0.06951498985290527	0.0373816080391407	-0.029989678412675858	-0.1011577770113945	-0.034556493163108826	0.4282755612646628
KerbalSpaceProgram	LifeProTips	different	-0.057185690850019455	0.15296058356761932	0.003578434931114316	-0.10635329782962799	-0.052459824830293655	-0.06680285185575485	-0.14592790603637695	-0.17819878458976746	0.245829132165863
KerbalSpaceProgram	airsoft	other	0.28969335556030273	0.0709056705236435	0.34119829535484314	0.024198519065976143	-0.07132243365049362	0.0839078277349472	0.20418787002563477	0.18053220212459564	0.553736201364252
KerbalSpaceProgram	GameDeals	other	-0.257746160030365	0.2364378720521927	0.16112367808818817	0.0682736337184906	0.0390627346932888	0.026893803849816322	0.18821613490581512	0.005359153263270855	0.37869784271803303
KerbalSpaceProgram	toronto	other	-0.20297715067863464	0.17009322345256805	-0.3911329209804535	-0.16781015694141388	-0.1825568825006485	-0.3132895827293396	-0.16367696225643158	-0.5442033410072327	0.12795521524826456
KerbalSpaceProgram	eu4	videogames	0.286262184381485	0.4219875633716583	0.19195875525474548	0.21369843184947968	0.2774432599544525	0.21906349062919617	0.20515121519565582	0.3067198693752289	0.5046378720741734
KerbalSpaceProgram	cars	other	-0.07046175748109818	0.33200570940971375	-0.14922019839286804	0.3008195459842682	0.2233087569475174	0.1456998586654663	0.1622745841741562	0.16607066988945007	0.21845336542133592
KerbalSpaceProgram	Warframe	videogames	0.2657347619533539	0.42616695165634155	0.2178058922290802	0.27783605456352234	0.257441908121109	0.325110524892807	0.2114027738571167	0.18484707176685333	0.44069659625701985
KerbalSpaceProgram	EarthPorn	other	0.10905993729829788	-0.0935852974653244	0.041162874549627304	0.11922484636306763	0.19590704143047333	0.19471561908721924	0.17946307361125946	0.0854828879237175	0.2127319719549337
KerbalSpaceProgram	techsupport	different	0.14589330554008484	0.22036924958229065	0.15753549337387085	0.16860583424568176	0.09525401145219803	0.23440782725811005	0.17533259093761444	0.158609539270401	0.43529252777895566
KerbalSpaceProgram	heroesofthestorm	videogames	-0.000267302937572822	0.12513235211372375	-0.047223035246133804	-0.06581193953752518	0.021210888400673866	-0.08445727825164795	0.13310326635837555	-0.04623798280954361	0.17532036670408235
KerbalSpaceProgram	Drugs	other	-0.05298083648085594	-0.0318690724670887	-0.21726015210151672	-0.2590939998626709	-0.15161943435668945	-0.36014512181282043	-0.13787491619586945	-0.45059579610824585	0.11968920641841722
KerbalSpaceProgram	oculus	different	0.2779029607772827	0.2934553623199463	0.2231968492269516	0.2571676969528198	0.2414897084236145	0.278873085975647	0.28179916739463806	0.3243306577205658	0.37269323101705154
KerbalSpaceProgram	KotakuInAction	other	-0.307442843914032	-0.3611254096031189	-0.45066121220588684	0.036820027977228165	-0.23761528730392456	-0.11887064576148987	-0.0869670957326889	-0.1424359232187271	0.2976393633725091
KerbalSpaceProgram	exjw	other	0.06553831696510315	0.039230410009622574	0.056700658053159714	0.028143437579274178	-0.11352252960205078	-0.033903107047080994	-0.4807059168815613	0.10636021196842194	0.11101196582920918
KerbalSpaceProgram	stopdrinking	other	0.13696233928203583	-0.37975600361824036	-0.10268871486186981	0.10769777745008469	-0.08301832526922226	-0.10521943867206573	0.019820798188447952	-0.27955949306488037	0.21570715731665796
KerbalSpaceProgram	AskWomen	different	-0.36288201808929443	-0.34915706515312195	0.0622694231569767	-0.2757343053817749	-0.20227456092834473	-0.3417971730232239	-0.21506649255752563	-0.2144864946603775	0.14010201217002916
KerbalSpaceProgram	EDH	videogames	0.04599079117178917	0.19951801002025604	-0.0027440974954515696	0.05605247616767883	0.09328451007604599	0.13055628538131714	-0.30466654896736145	0.08554922044277191	0.3824229961190337
KerbalSpaceProgram	photography	other	0.15259221196174622	-0.12508028745651245	0.18927831947803497	-0.07659181207418442	-0.03165939077734947	0.03840043395757675	0.11922330409288406	-0.0015266193076968193	0.09771970896490217
KerbalSpaceProgram	Fantasy	other	0.11895078420639038	-0.08635257929563522	-0.12143880128860474	-0.11464843153953552	-0.047819558531045914	0.0183278638869524	0.10783398896455765	0.02929275669157505	0.2586070748605393
KerbalSpaceProgram	femalefashionadvice	different	-0.269083172082901	-0.5016909241676331	-0.027083873748779297	-0.08517508953809738	-0.10606733709573746	-0.33171889185905457	-0.3336339294910431	-0.16400431096553802	0.21118889236865723
KerbalSpaceProgram	breakingmom	different	-0.06987050920724869	0.28732678294181824	-0.08141457289457321	-0.07740180194377899	-0.2512339651584625	-0.04733950272202492	-0.049916815012693405	-0.018692519515752792	0.2337723819930885
KerbalSpaceProgram	BabyBumps	different	-0.13799458742141724	0.003582940436899662	-0.06620031595230103	-0.07286327332258224	-0.2005845308303833	0.004575551487505436	0.09910335391759872	0.08484987914562225	0.17778254114637346
KerbalSpaceProgram	explainlikeimfive	different	0.4176618158817291	-0.012162347324192524	-0.13811461627483368	0.18570876121520996	0.008219760842621326	0.11106731742620468	0.19255436956882477	0.05271877720952034	0.27929506942809856
KerbalSpaceProgram	xxfitness	different	-0.4159245789051056	-0.2453003078699112	-0.26420149207115173	0.013531915843486786	0.08171960711479187	0.06624680012464523	0.047825973480939865	0.03598497062921524	0.19495911902415228
KerbalSpaceProgram	TwoXChromosomes	different	-0.40969014167785645	-0.1868325173854828	-0.22215230762958527	-0.3735743761062622	-0.3607223629951477	-0.3918585181236267	-0.2941291928291321	-0.2785571813583374	0.02654023529630278
KerbalSpaceProgram	Advice	different	-0.08150188624858856	-0.2701604962348938	0.08879683166742325	-0.5154673457145691	-0.12758715450763702	-0.5097989439964294	-0.4329378306865692	-0.4398033320903778	0.29832373196975054
KerbalSpaceProgram	relationships	different	-0.4010772705078125	-0.04499435797333717	-0.09288805723190308	-0.4435635507106781	-0.07118061184883118	-0.3861640393733978	-0.31890127062797546	-0.21165595948696136	0.2198127192372452
justneckbeardthings	LifeProTips	other	-0.07465507835149765	-0.018522340804338455	0.2026827335357666	0.16086263954639435	0.2103341519832611	0.1075088381767273	0.1906813532114029	0.22345073521137238	0.3565854753507102
justneckbeardthings	airsoft	other	-0.15342356264591217	0.08130796998739243	0.12786875665187836	-0.011507476679980755	0.029562128707766533	0.10161860287189484	0.06826651841402054	0.0893234983086586	0.28611849648504956
justneckbeardthings	GameDeals	other	-0.11433616280555725	-0.33442679047584534	-0.37734949588775635	-0.11142336577177048	-0.14310580492019653	-0.16179031133651733	-0.03658599779009819	-0.1505214273929596	0.0886891585080385
justneckbeardthings	toronto	other	-0.1184583306312561	-0.17361146211624146	-0.05542771890759468	-0.19280555844306946	-0.1813676953315735	-0.2178456038236618	-0.1450027972459793	-0.10171429812908173	0.28450227312422266
justneckbeardthings	eu4	other	-0.036510251462459564	0.19919322431087494	-0.2654607892036438	0.03234940022230148	-0.06149616837501526	0.020055480301380157	-0.11378856748342514	-0.08012903481721878	0.33929928775561763
justneckbeardthings	cars	other	-0.10699724406003952	-0.3489101827144623	-0.060957957059144974	-0.04845738410949707	-0.10119118541479111	-0.21729089319705963	0.0698876604437828	-0.35713842511177063	0.04805948231210963
justneckbeardthings	Warframe	other	-0.15978245437145233	0.138345405459404	0.13001982867717743	0.048233721405267715	0.12587644159793854	0.02669607847929001	0.059290193021297455	-0.09548340737819672	0.04869924574643167
justneckbeardthings	EarthPorn	other	0.22105783224105835	0.0991993173956871	-0.12787343561649323	0.002288847928866744	0.1126604750752449	-0.04980452358722687	-0.020955804735422134	-0.0415804460644722	0.3385881483471404
justneckbeardthings	techsupport	other	-0.4538154602050781	-0.14829283952713013	-0.39393728971481323	-0.5631802678108215	-0.46070072054862976	-0.29958367347717285	-0.5739307999610901	-0.5662160515785217	0.23080227282311588
justneckbeardthings	heroesofthestorm	other	-0.13955223560333252	-0.2022656351327896	-0.328204870223999	-0.4503028690814972	-0.2344657927751541	-0.41787654161453247	0.07199949771165848	-0.4109986424446106	0.014678447935700448
justneckbeardthings	Drugs	other	0.027530815452337265	-0.26591670513153076	-0.09594974666833878	-0.1013931930065155	0.017580974847078323	-0.015509587712585926	0.07079650461673737	-0.12586385011672974	0.23902223079629625
justneckbeardthings	oculus	other	-0.354991614818573	-0.03486446291208267	0.12877491116523743	-0.19798295199871063	-0.16523848474025726	-0.1321745067834854	-0.2130075842142105	-0.12973107397556305	0.1999129681221198
justneckbeardthings	KotakuInAction	other	0.45878365635871887	0.14226789772510529	0.38394463062286377	0.3218681812286377	0.3203757405281067	0.469929963350296	0.26725059747695923	0.4221058189868927	0.4635794302014565
justneckbeardthings	exjw	other	0.39418789744377136	0.21864847838878632	0.11699361354112625	0.01460452750325203	0.18629242479801178	0.20920518040657043	-0.004031565971672535	0.2159554660320282	0.2541984048953963
justneckbeardthings	stopdrinking	other	0.02094435691833496	-0.43482083082199097	-0.08582417666912079	-0.3148876428604126	-0.2911722958087921	-0.43891093134880066	-0.16871342062950134	-0.12490830570459366	0.35193661218721634
justneckbeardthings	AskWomen	other	0.356952041387558	0.2244269847869873	0.470683753490448	0.5427708029747009	0.4555371105670929	0.44030457735061646	0.5595190525054932	0.4441125690937042	0.29763265129319727
justneckbeardthings	EDH	other	0.0544288232922554	0.23994560539722443	0.01076178252696991	0.028091542422771454	0.02804349921643734	0.03679606691002846	-0.05828951299190521	0.023140551522374153	0.30239439914303473
justneckbeardthings	photography	other	-0.08361560851335526	-0.1868208944797516	-0.11975288391113281	-0.12821921706199646	-0.17083075642585754	-0.2463596612215042	-0.06410764902830124	-0.1008833795785904	0.027907743455819273
justneckbeardthings	Fantasy	other	0.09570881724357605	-0.00472034327685833	-0.21902498602867126	0.06885366886854172	-0.020895102992653847	0.06758639216423035	0.11843617260456085	0.12548892199993134	0.21909999894840962
justneckbeardthings	femalefashionadvice	other	0.11388961225748062	-0.28341954946517944	-0.020132731646299362	-0.017577022314071655	-0.14169195294380188	-0.15307196974754333	0.005696549545973539	-0.016775498166680336	0.11840589333510496
justneckbeardthings	breakingmom	other	-0.1871127337217331	0.22521615028381348	-0.028517913073301315	-0.10797305405139923	-0.013216434977948666	-0.056600864976644516	-0.05457296967506409	-0.13932715356349945	0.10278625315450234
justneckbeardthings	BabyBumps	other	-0.36568447947502136	-0.023231981322169304	-0.2514151632785797	-0.3582212030887604	-0.3614462912082672	-0.33747366070747375	-0.36698323488235474	-0.47857826948165894	0.047458861429903104
justneckbeardthings	explainlikeimfive	other	-0.024836739525198936	-0.03187326714396477	-0.013986182399094105	0.02921576052904129	-0.02931993640959263	0.08368214219808578	-0.015570802614092827	-0.0784919410943985	0.3949543305116826
justneckbeardthings	xxfitness	other	-0.011164562776684761	-0.3367154002189636	-0.3115743398666382	-0.23981936275959015	-0.2654638886451721	-0.12354473769664764	-0.13662715256214142	-0.15526524186134338	0.15593458987972383
justneckbeardthings	TwoXChromosomes	other	-0.018325569108128548	0.07057926803827286	0.14052751660346985	0.3058541417121887	0.17450425028800964	0.21075309813022614	0.15344007313251495	0.05914350599050522	0.3227593029573166
justneckbeardthings	Advice	other	-0.3116355836391449	-0.3584631085395813	-0.1585659235715866	-0.053787559270858765	-0.14656631648540497	-0.1053292453289032	-0.11850501596927643	-0.1088336780667305	0.34612011891892674
justneckbeardthings	relationships	other	-0.04169052466750145	-0.06780292093753815	-0.048420391976833344	0.16012871265411377	0.08190914988517761	0.14528383314609528	0.07425183057785034	0.08691437542438507	0.2732152554324125
LifeProTips	airsoft	other	-0.16093285381793976	-0.30673152208328247	-0.08091722428798676	-0.06298235803842545	0.010266609489917755	-0.10160855948925018	0.03858092799782753	-0.03437791392207146	0.1660062506297477
LifeProTips	GameDeals	other	0.007937682792544365	-0.004701283294707537	-0.27432936429977417	-0.20468543469905853	-0.26648834347724915	-0.21855592727661133	-0.23899561166763306	-0.13311761617660522	-0.023966035743553243
LifeProTips	toronto	other	0.1994021087884903	0.17648476362228394	0.0860438272356987	0.2810448110103607	0.434560090303421	0.24159100651741028	0.11589872092008591	0.4201911985874176	0.23032947934941408
LifeProTips	eu4	different	-0.10014596581459045	0.07516952604055405	-0.5308102369308472	-0.06825754791498184	-0.09256676584482193	-0.2907257676124573	-0.3486364185810089	-0.32301026582717896	0.10082061348692717
LifeProTips	cars	other	-0.04690491780638695	0.07658374309539795	0.1497013121843338	0.05355524271726608	0.0299785565584898	0.30643072724342346	0.13832713663578033	0.03584238141775131	0.3088998101858609
LifeProTips	Warframe	different	-0.23745177686214447	-0.05352994427084923	-0.0078000640496611595	-0.2296760231256485	-0.1439007818698883	-0.14117035269737244	-0.019659949466586113	-0.28683292865753174	-0.10824046874621784
LifeProTips	EarthPorn	other	-0.1842266470193863	-0.08240312337875366	0.13671496510505676	0.09726552665233612	0.09145665168762207	0.002690555527806282	-0.18574222922325134	0.06721016019582748	0.40049056106276687
LifeProTips	techsupport	different	0.08444904536008835	0.27008381485939026	0.39978429675102234	0.12144207209348679	0.2449173778295517	0.21467414498329163	0.22383788228034973	0.0553845651447773	0.38273277313136544
LifeProTips	heroesofthestorm	different	-0.40996459126472473	0.095116525888443	0.007718998473137617	-0.2856696546077728	-0.18893635272979736	0.032248079776763916	-0.04503767564892769	-0.4917990267276764	0.05485890231052563
LifeProTips	Drugs	other	0.07329080998897552	-0.015168910846114159	0.049232739955186844	0.07567096501588821	0.10966333001852036	0.16344769299030304	0.03291850537061691	0.1449376940727234	0.25881102729843625
LifeProTips	oculus	different	-0.4119022786617279	-0.39216914772987366	-0.20147182047367096	-0.08108582347631454	-0.3181622624397278	-0.2805389165878296	-0.24733707308769226	-0.2188851237297058	-0.0033110043164422806
LifeProTips	KotakuInAction	other	-0.30930396914482117	-0.12385538965463638	-0.13194775581359863	-0.31593701243400574	-0.21871954202651978	-0.25213122367858887	-0.37633129954338074	-0.24242323637008667	-0.022047768635426946
LifeProTips	exjw	other	-0.30055856704711914	-0.1355273723602295	0.0644744262099266	-0.18296395242214203	0.05123152583837509	0.08108408749103546	0.27982208132743835	0.2307799905538559	0.1475078036813158
LifeProTips	stopdrinking	other	-0.19956424832344055	0.04036496952176094	0.21122799813747406	-0.09555913507938385	0.21221885085105896	0.1808699369430542	0.1204037070274353	0.1795797199010849	0.2744187644081949
LifeProTips	AskWomen	different	0.32178741693496704	0.3038528561592102	0.31231293082237244	0.32566508650779724	0.3884735405445099	0.3600160479545593	0.35063186287879944	0.244617760181427	0.523467269534945
LifeProTips	EDH	different	-0.17340116202831268	-0.1004425585269928	-0.06476800888776779	-0.17246878147125244	-0.25303906202316284	-0.18778282403945923	-0.14596769213676453	-0.06607877463102341	0.14217539263330894
LifeProTips	photography	other	0.10022691637277603	0.10898590832948685	0.047412239015102386	0.03180333971977234	0.01835807040333748	-2.2530291971634142e-05	-0.13168451189994812	-0.0731784924864769	0.3109082377722716
LifeProTips	Fantasy	other	-0.23992745578289032	-0.3818436861038208	-0.14757725596427917	-0.42877164483070374	-0.4386078417301178	-0.4227398633956909	-0.2992456257343292	-0.3796294331550598	0.07741994977072962
LifeProTips	femalefashionadvice	different	-0.03376536816358566	-0.188512921333313	-0.10278075933456421	-0.14975003898143768	-0.06642916053533554	-0.08662711083889008	0.0020766870584338903	-0.07588665932416916	0.40230034778829127
LifeProTips	breakingmom	different	0.3327045142650604	0.18784593045711517	0.08596373349428177	0.2550075948238373	0.24221475422382355	0.31011340022087097	0.3096003532409668	0.2765442430973053	-0.02589779170656245
LifeProTips	BabyBumps	different	-0.03608202561736107	-0.13075029850006104	-0.20381757616996765	0.10193806141614914	-0.05630279704928398	-0.06864072382450104	-0.0500459149479866	-0.036742620170116425	0.047797270884795795
LifeProTips	explainlikeimfive	general-interest	0.34972795844078064	0.27059313654899597	0.36011803150177	0.4778967499732971	0.28172263503074646	0.47265321016311646	0.4218513071537018	0.3732021749019623	0.8489811750269423
LifeProTips	xxfitness	different	0.12407366186380386	0.1595839112997055	0.12378396093845367	0.07046081870794296	0.11498665064573288	0.1375318467617035	0.09589367359876633	0.12530556321144104	0.4281947229002977
LifeProTips	TwoXChromosomes	different	0.09199104458093643	-0.12445037811994553	-0.08995639532804489	0.2042994201183319	0.17417317628860474	0.08720115572214127	0.09487561136484146	0.11003261804580688	0.4844813957465568
LifeProTips	Advice	general-interest	0.4628150463104248	0.22464828193187714	0.5284311175346375	0.33090418577194214	0.5049818754196167	0.31833702325820923	0.4707707166671753	0.36123183369636536	0.704739903881895
LifeProTips	relationships	general-interest	0.11709354817867279	0.14005006849765778	0.1296176314353943	0.1931091547012329	0.27609628438949585	0.13286952674388885	0.18591757118701935	0.13406677544116974	0.537428419073833
airsoft	GameDeals	other	-0.3455788195133209	-0.030658693984150887	0.1876552551984787	0.03865421935915947	0.11928799748420715	0.11334987729787827	0.016029352322220802	0.07523895055055618	0.42834203481970395
airsoft	toronto	other	-0.10396388918161392	-0.10320962965488434	-0.2201743721961975	-0.3228257894515991	-0.2407122552394867	-0.043432604521512985	-0.007878531701862812	-0.0746973305940628	0.07559979674181093
airsoft	eu4	other	-0.07879183441400528	-0.02500760741531849	0.03470168635249138	0.11972175538539886	0.16676050424575806	0.13587722182273865	0.05439763516187668	0.1216299757361412	0.2764015721535743
airsoft	cars	other	0.32521265745162964	0.40274080634117126	0.44214117527008057	0.2070034295320511	0.3369077444076538	0.26595163345336914	0.21368154883384705	0.28405076265335083	0.15233236217232407
airsoft	Warframe	other	0.09648366272449493	-0.0653582364320755	-0.013343743979930878	0.17145054042339325	0.12862002849578857	0.2446283996105194	0.2009604126214981	0.27940434217453003	0.4776107793984104
airsoft	EarthPorn	other	0.20338258147239685	0.1099359318614006	0.1557239592075348	0.020543308928608894	0.11333467066287994	0.14079631865024567	-0.39126259088516235	0.07653327286243439	0.0532799683858069
airsoft	techsupport	other	0.220903217792511	0.0784861147403717	0.14014644920825958	0.08609626442193985	0.19491896033287048	0.08586124330759048	0.2302875518798828	-0.049210384488105774	0.4345443914409721
airsoft	heroesofthestorm	other	0.09510214626789093	-0.43020015954971313	0.03718535602092743	-0.10572042316198349	-0.06171427294611931	-0.3625417649745941	-0.07755710929632187	-0.04893787205219269	0.1321880474054134
airsoft	Drugs	other	0.024031249806284904	0.027751976624131203	-0.08038877695798874	-0.0044807614758610725	-0.16883204877376556	-0.16962847113609314	-0.018669037148356438	-0.21497611701488495	0.1523701271782698
airsoft	oculus	other	-0.12703746557235718	0.2590623199939728	0.031144652515649796	0.10873441398143768	0.05511564761400223	0.010194610804319382	-0.003563511883839965	-0.020219501107931137	0.3326514122216626
airsoft	KotakuInAction	other	-0.2428949475288391	-0.23690398037433624	-0.28311172127723694	-0.05734627693891525	-0.2718088924884796	-0.11894413083791733	-0.05436310917139053	-0.17791344225406647	0.16664143558614333
airsoft	exjw	other	-0.4214228391647339	-0.13745857775211334	-0.5476588606834412	-0.0167265422642231	-0.40199175477027893	-0.15956012904644012	-0.6680881381034851	-0.38538694381713867	0.22697776808290893
airsoft	stopdrinking	other	0.06807082146406174	-0.314348965883255	-0.27184516191482544	-0.7130405902862549	-0.6622729301452637	-0.688228189945221	-0.49076178669929504	-0.3668690323829651	0.28914919627246705
airsoft	AskWomen	other	-0.3738785684108734	-0.3424801826477051	0.05195390433073044	-0.15609292685985565	0.05129997804760933	-0.14428666234016418	-0.0654241144657135	0.06808222830295563	0.20482007625190257
airsoft	EDH	other	-0.025125782936811447	0.2625170946121216	0.11480168253183365	0.07137537747621536	0.05768807604908943	0.029296046122908592	-0.17776711285114288	-0.25170519948005676	0.6533148864368234
airsoft	photography	other	0.24634385108947754	0.3301120698451996	0.28827956318855286	0.07164124399423599	0.23031890392303467	0.25926464796066284	0.23825499415397644	0.24430282413959503	0.0860192488519832
airsoft	Fantasy	other	-0.29098838567733765	-0.05184367671608925	-0.20352844893932343	-0.029018037021160126	-0.3412668704986572	-0.3792220950126648	0.01843879744410515	-0.031088508665561676	0.023687470112172464
airsoft	femalefashionadvice	other	0.2520736753940582	0.23234869539737701	0.026092514395713806	0.05178975686430931	0.17997057735919952	0.13952183723449707	0.19413943588733673	0.15018755197525024	0.26721223434262453
airsoft	breakingmom	other	-0.559882640838623	-0.194566547870636	-0.03911425918340683	-0.05023892596364021	0.005874055903404951	-0.14440006017684937	-0.3517337739467621	-0.00013099749048706144	0.21457456584038628
airsoft	BabyBumps	other	-0.16051532328128815	0.07134155929088593	-0.001334254746325314	0.0680873915553093	0.1590837836265564	0.034735869616270065	-0.18224932253360748	0.05381220951676369	0.11173426089892553
airsoft	explainlikeimfive	other	0.07108932733535767	-0.2298545241355896	-0.14860817790031433	-0.11429253965616226	-0.011604457162320614	-0.0332227498292923	-0.030459359288215637	-0.14902816712856293	0.2286237088646621
airsoft	xxfitness	other	0.012258903123438358	-0.433766633272171	0.001576368696987629	-0.05367426574230194	-0.11884444206953049	-0.14080363512039185	-0.07499319314956665	-0.1973133683204651	0.22672618136347275
airsoft	TwoXChromosomes	other	-0.36952632665634155	-0.2367992252111435	-0.4218995273113251	-0.09284377843141556	0.0005892751505598426	-0.08777911961078644	-0.05384373292326927	-0.0685802698135376	-0.08021143079484026
airsoft	Advice	other	-0.24169421195983887	-0.11560449749231339	-0.4737010896205902	-0.11450152099132538	-0.035004355013370514	-0.026719341054558754	0.07174385339021683	0.015265639871358871	0.44145565996709496
airsoft	relationships	other	-0.3220856487751007	-0.21954216063022614	-0.36339616775512695	-0.17546430230140686	-0.1536436378955841	-0.11896815896034241	-0.12120715528726578	0.05254007875919342	0.36663259435648726
GameDeals	toronto	other	0.1008014902472496	0.15308718383312225	0.1059998944401741	-0.004025076981633902	0.01674240082502365	0.07498179376125336	0.17471349239349365	0.020920369774103165	0.036133386745850836
GameDeals	eu4	other	0.24679026007652283	0.28750526905059814	0.05342000722885132	0.16172654926776886	0.17921775579452515	0.19652438163757324	0.23320578038692474	0.2062882035970688	0.2283433583834051
GameDeals	cars	other	0.05486084893345833	-0.005004428792744875	0.052803367376327515	-0.09900974482297897	0.12763479351997375	-0.054408375173807144	0.24343352019786835	-0.17987053096294403	0.19010595469580743
GameDeals	Warframe	other	0.08325910568237305	0.2356865555047989	0.1986703723669052	0.20747385919094086	0.32683634757995605	0.3335001468658447	0.19789958000183105	0.20906783640384674	0.4633995498106118
GameDeals	EarthPorn	other	0.2764393985271454	-0.17904715240001678	0.038620658218860626	-0.06764060258865356	-0.2504376471042633	-0.028345929458737373	-0.07783150672912598	-0.08617838472127914	0.10318862819456139
GameDeals	techsupport	other	0.14059370756149292	0.24372482299804688	0.2569759786128998	0.1806359440088272	0.2935466170310974	0.2542574107646942	0.14108605682849884	0.21816569566726685	0.20705569131577542
GameDeals	heroesofthestorm	other	0.20920580625534058	0.2908223867416382	0.16596291959285736	0.2631051540374756	0.3400280177593231	0.22692279517650604	0.1711317002773285	0.26968246698379517	0.11046182157984877
GameDeals	Drugs	other	-0.04882175475358963	-0.3572133779525757	-0.20996126532554626	-0.031646374613046646	-0.37983423471450806	-0.012614683248102665	-0.12089067697525024	-0.06760279834270477	-0.15007962054976495
GameDeals	oculus	other	0.14613865315914154	0.1199256181716919	0.17298272252082825	0.2807994782924652	0.30860498547554016	0.25362735986709595	0.1133192852139473	0.39101147651672363	0.412065705872108
GameDeals	KotakuInAction	other	0.24211037158966064	0.2789080739021301	0.020049961283802986	0.20772191882133484	0.2950603663921356	0.21378636360168457	0.2357252538204193	0.2470998615026474	0.26972717505751603
GameDeals	exjw	other	-0.09353010356426239	-0.0839928388595581	-0.30581825971603394	-0.28162357211112976	-0.297395795583725	-0.1491089016199112	-0.16447646915912628	0.0016540749929845333	0.02472286515773767
GameDeals	stopdrinking	other	-0.39570537209510803	-0.3281470537185669	-0.2465878278017044	-0.204415425658226	-0.3196946084499359	-0.2282324582338333	-0.44904011487960815	-0.054376792162656784	0.1666190813830904
GameDeals	AskWomen	other	-0.04764050617814064	-0.23510873317718506	-0.5195609927177429	-0.18642859160900116	-0.3460029065608978	-0.38402873277664185	-0.1754809468984604	-0.3191624581813812	-0.15241691364514276
GameDeals	EDH	other	0.10350947827100754	0.13550114631652832	0.2013980895280838	-0.07046086341142654	0.1059962660074234	0.09327178448438644	0.15610381960868835	0.012607480399310589	0.24609031670903928
GameDeals	photography	other	-0.13782717287540436	-0.12924286723136902	0.1932154893875122	-0.04604732245206833	0.06052413955330849	-0.06576205044984818	-0.2488843947649002	-0.13985149562358856	0.12508464174207573
GameDeals	Fantasy	other	0.37045931816101074	0.5215843319892883	0.3124903738498688	0.24858523905277252	0.3764329254627228	0.29979217052459717	0.266758531332016	0.30653268098831177	0.20661651395012107
GameDeals	femalefashionadvice	other	0.21574252843856812	0.12260410934686661	0.13028967380523682	0.1816074103116989	0.1517838090658188	0.06615480780601501	0.006130221299827099	0.07661155611276627	-0.01973170303319535
GameDeals	breakingmom	other	0.1639675796031952	-0.023449033498764038	-0.02569822408258915	-0.013843665830790997	-0.06658096611499786	-0.06279748678207397	0.07891262322664261	-0.1676943004131317	0.0856682134237387
GameDeals	BabyBumps	other	-0.08350936323404312	-0.36689090728759766	0.024768272414803505	-0.030938945710659027	-0.11212391406297684	-0.056276820600032806	-0.15604059398174286	-0.07264070212841034	0.04718900443246758
GameDeals	explainlikeimfive	other	-0.23942388594150543	-0.06931232661008835	-0.47729483246803284	-0.22567225992679596	-0.2838515341281891	-0.1879243105649948	-0.26972123980522156	-0.011859267950057983	-0.035094267407018175
GameDeals	xxfitness	other	0.1295703947544098	-0.10924064368009567	-0.38146787881851196	-0.520397424697876	-0.3511391580104828	-0.5433374643325806	-0.12961338460445404	-0.30247434973716736	-0.037452251559735486
GameDeals	TwoXChromosomes	other	-0.23179543018341064	-0.2587323486804962	-0.5352900624275208	-0.19906316697597504	-0.4956790804862976	-0.336387038230896	-0.3537732660770416	-0.3156468868255615	-0.1413658113031964
GameDeals	Advice	other	-0.1519984006881714	-0.0003659817739389837	-0.35047605633735657	-0.22276902198791504	-0.3743976652622223	-0.22709929943084717	-0.196698859333992	-0.41638022661209106	0.020122959600880296
GameDeals	relationships	other	-0.3615223169326782	-0.19325068593025208	-0.38571080565452576	-0.19469204545021057	-0.3879798352718353	-0.21967756748199463	-0.22875970602035522	-0.4930027425289154	0.010255395592524284
toronto	eu4	other	-0.005390963517129421	0.03830926492810249	-0.12498598545789719	-0.19407331943511963	-0.08293751627206802	-0.10365543514490128	-0.0073991515673696995	-0.3699813187122345	0.16314757757029924
toronto	cars	other	0.3784981369972229	0.32524269819259644	0.11427351087331772	0.2992827296257019	0.3590892255306244	0.3676666021347046	0.34425389766693115	0.1190493032336235	0.25857338658237944
toronto	Warframe	other	-0.37622809410095215	-0.4746013283729553	-0.22140169143676758	-0.43376657366752625	-0.288563996553421	-0.2197355479001999	-0.4759504795074463	-0.05030754581093788	-0.09023874135091926
toronto	EarthPorn	other	0.14058226346969604	0.1764548420906067	0.3078877925872803	0.20800192654132843	0.12277062982320786	0.08329594880342484	0.1476115733385086	0.2729865610599518	0.23499316966900125
toronto	techsupport	other	0.010320033878087997	-0.14935167133808136	0.10831282287836075	0.04521574825048447	0.07277487963438034	0.13036230206489563	0.0493343248963356	0.04172895476222038	0.07633532532656229
toronto	heroesofthestorm	other	-0.5500859618186951	-0.060718465596437454	-0.29159975051879883	0.10993394255638123	-0.20628903806209564	0.033294789493083954	-0.3838443458080292	-0.02203712798655033	0.0438498424536178
toronto	Drugs	other	0.005084460135549307	-0.19811920821666718	-0.048998475074768066	-0.07425475865602493	-0.13621185719966888	-0.05679282918572426	-0.05318577215075493	-0.058778561651706696	0.1889319784789542
toronto	oculus	other	0.2757805287837982	0.13005149364471436	0.05054495111107826	-0.10629808902740479	-0.059775978326797485	-0.2571949064731598	0.059919584542512894	-0.15886949002742767	0.12277032088214149
toronto	KotakuInAction	other	0.21564771234989166	-0.06259340047836304	0.5744813680648804	0.09277163445949554	0.1823950856924057	0.2061976045370102	0.34192177653312683	0.16577430069446564	0.25261422610273304
toronto	exjw	other	0.09874100238084793	0.32905110716819763	0.34365567564964294	0.0506192110478878	0.08861678093671799	-0.3307521939277649	0.09478402137756348	-0.09924491494894028	0.17280738719906857
toronto	stopdrinking	other	-0.30181795358657837	-0.006214949768036604	0.01406578253954649	0.04465211182832718	0.08957905322313309	-0.0993269607424736	-0.390986829996109	0.011477655731141567	0.08135631312845136
toronto	AskWomen	other	-0.3486913740634918	-0.08976224809885025	-0.137360081076622	-0.16740936040878296	-0.19194577634334564	-0.2039121389389038	-0.26471948623657227	-0.07799623906612396	0.21024551716211828
toronto	EDH	other	-0.5233289003372192	-0.29032596945762634	-0.31854966282844543	-0.0649067834019661	-0.3632759749889374	-0.28890445828437805	-0.3187389075756073	-0.016933979466557503	0.07192382391438681
toronto	photography	other	0.15124216675758362	-0.013090161606669426	-0.03694673255085945	0.20622840523719788	0.08412031084299088	0.12475574761629105	-0.05009913444519043	0.12482316046953201	0.19993472059537162
toronto	Fantasy	other	0.01696777530014515	0.310733437538147	-0.06838365644216537	-0.20960770547389984	-0.007434426806867123	-0.012311681173741817	-0.0013272836804389954	-0.26956796646118164	0.21322915466446768
toronto	femalefashionadvice	other	-0.2152356207370758	-0.31010159850120544	-0.02265583910048008	0.15885528922080994	0.014343870803713799	-0.009331339970231056	-0.05132020264863968	-0.06309209764003754	0.28407484017465884
toronto	breakingmom	other	0.05971334129571915	0.047876860946416855	0.180891752243042	-0.05240868404507637	-0.12267305701971054	-0.07779418677091599	0.008147194050252438	-0.016769375652074814	0.12199853404992131
toronto	BabyBumps	other	0.07603994011878967	-0.051692280918359756	0.19560334086418152	-0.13925236463546753	-0.2907346189022064	-0.1723858118057251	-0.15454481542110443	-0.17895786464214325	0.1055056143985826
toronto	explainlikeimfive	other	0.028586821630597115	0.18347328901290894	0.18886123597621918	0.5095446109771729	0.47432276606559753	0.4193161129951477	0.29025474190711975	0.45214903354644775	0.15339312648231487
toronto	xxfitness	other	-0.23232458531856537	-0.3339364230632782	-0.20900975167751312	-0.16396485269069672	-0.012212086468935013	-0.26932671666145325	-0.032042380422353745	-0.1714329570531845	0.2657645990581319
toronto	TwoXChromosomes	other	0.15879806876182556	0.13757272064685822	0.29690542817115784	0.08990468084812164	0.028851795941591263	0.25959908962249756	0.1795480102300644	0.11549519747495651	0.27027713251548846
toronto	Advice	other	0.0684640109539032	0.156211718916893	0.011320673860609531	0.15505725145339966	0.1411450356245041	0.20027872920036316	0.22401461005210876	0.16274945437908173	0.1299604455811348
toronto	relationships	other	0.0029976144433021545	0.1445343792438507	-0.14436595141887665	-0.10571792721748352	-0.06892905384302139	-0.03962672874331474	0.020326174795627594	-0.0731067880988121	0.19713511036625972
eu4	cars	other	-0.3171542286872864	-0.16783791780471802	-0.2028714269399643	-0.13020524382591248	-0.10721541941165924	-0.5502158403396606	0.011115324683487415	-0.27046677470207214	-0.019305463495443202
eu4	Warframe	videogames	0.19200624525547028	0.5118715167045593	0.1827051341533661	0.10235603898763657	0.1390463262796402	0.17668721079826355	0.08252272009849548	0.21540918946266174	0.5209195964375416
eu4	EarthPorn	other	0.11747116595506668	0.08475054055452347	-0.14518111944198608	-0.05954951420426369	-0.049596454948186874	0.23505151271820068	0.21603968739509583	0.12510068714618683	-0.10831444946850721
eu4	techsupport	different	0.14070554077625275	0.2726697325706482	0.01712571084499359	-0.08975611627101898	0.20317870378494263	0.017562173306941986	-0.029247166588902473	0.16367143392562866	0.3664653639193924
eu4	heroesofthestorm	videogames	0.3020280599594116	0.1304067075252533	0.1402389109134674	0.02616957388818264	0.0717044398188591	0.07039505988359451	0.1366904377937317	0.13144202530384064	0.42270634769392845
eu4	Drugs	other	0.04881205037236214	0.15970343351364136	0.07702872157096863	0.0010009011020883918	-0.09778611361980438	0.013391107320785522	0.024389028549194336	0.04572504758834839	0.18401335795368695
eu4	oculus	different	-0.16071034967899323	-0.3357342779636383	0.22929316759109497	-0.08244451880455017	-0.33505016565322876	-0.33206862211227417	-0.521215558052063	-0.14625848829746246	0.15056621818580085
eu4	KotakuInAction	other	0.16870899498462677	0.10630567371845245	-0.014349239878356457	-0.009181668981909752	0.11318699270486832	-0.018764233216643333	0.11251084506511688	0.006814334075897932	0.3349635557542485
eu4	exjw	other	0.18397462368011475	0.1469441056251526	0.1370323896408081	0.014803155325353146	0.07830879092216492	-0.041057828813791275	-0.2832084894180298	-0.05015938729047775	0.12461157623106728
eu4	stopdrinking	other	0.18339332938194275	-0.2104930877685547	-0.22057059407234192	-0.020393315702676773	-0.39170560240745544	-0.04228302836418152	-0.22951236367225647	-0.02349851466715336	0.21876491543894053
eu4	AskWomen	different	-0.24313722550868988	-0.24846695363521576	-0.35101762413978577	-0.008063576184213161	-0.2579785883426666	-0.09716910868883133	-0.20196370780467987	-0.12370164692401886	0.24047714919732546
eu4	EDH	videogames	0.059389546513557434	0.23118123412132263	0.26439568400382996	0.07683058828115463	0.2563048303127289	0.06402096152305603	0.10643500089645386	0.07642995566129684	0.3516319035532523
eu4	photography	other	-0.5264866948127747	-0.678183913230896	-0.3276802897453308	-0.15290488302707672	-0.45938605070114136	-0.01586640253663063	0.012652200646698475	-0.13293828070163727	-0.028012212777303643
eu4	Fantasy	other	0.07607518881559372	0.15922750532627106	0.04865417629480362	0.08191140741109848	-0.07181615382432938	0.09976668655872345	0.08068352192640305	0.08401510864496231	0.2898720805925635
eu4	femalefashionadvice	different	-0.4037904143333435	-0.22949884831905365	-0.13512933254241943	-0.11023211479187012	-0.019207239151000977	-0.15542806684970856	-0.13437525928020477	-0.03599389269948006	0.2879783167386179
eu4	breakingmom	different	-0.20566028356552124	-0.1723022162914276	-0.34503498673439026	-0.1818629503250122	-0.08605479449033737	-0.2637994885444641	-0.2623938024044037	-0.4170648455619812	0.24920059994679666
eu4	BabyBumps	different	-0.24616631865501404	-0.3158000111579895	-0.11866279691457748	-0.1961044818162918	-0.0923091396689415	-0.03975990414619446	-0.05005301535129547	-0.09281137585639954	0.12211543919699559
eu4	explainlikeimfive	different	0.18940913677215576	0.320298433303833	0.2242015302181244	0.17385420203208923	0.16107825934886932	-0.021830717101693153	-0.0033729085698723793	0.16277308762073517	0.26466053336067646
eu4	xxfitness	different	-0.35918352007865906	-0.26508912444114685	-0.20087125897407532	-0.031803179532289505	-0.20794695615768433	-0.1495482325553894	-0.10937613248825073	-0.006225086748600006	0.19499675759864873
eu4	TwoXChromosomes	different	-0.06455934792757034	0.06218382343649864	-0.030525367707014084	-0.011793209239840508	-0.013864479959011078	-0.006672804709523916	0.053565964102745056	0.08192811161279678	0.13176269298707843
eu4	Advice	different	0.18482081592082977	-0.06087835505604744	-0.41450268030166626	-0.18319180607795715	-0.07503124326467514	-0.18374377489089966	-0.19422145187854767	-0.28162211179733276	0.2913441010142452
eu4	relationships	different	-0.21528014540672302	-0.39464271068573	-0.3927862346172333	-0.12187667936086655	-0.08418820053339005	-0.09162772446870804	-0.12065720558166504	-0.17385350167751312	0.22716502727495347
cars	Warframe	other	0.28738856315612793	-0.19275431334972382	-0.1589730829000473	0.008338725194334984	0.03946729376912117	0.09529515355825424	-0.3326275050640106	-0.023875361308455467	-0.0714656134653465
cars	EarthPorn	other	0.12941181659698486	0.24955707788467407	-0.06326941400766373	0.13051681220531464	0.11291137337684631	0.1479141116142273	0.25912001729011536	0.10517867654561996	0.3701844760049286
cars	techsupport	other	-0.009209409356117249	-0.1265222579240799	0.16234950721263885	0.13063833117485046	0.069449283182621	0.005642449017614126	-0.03324763476848602	0.15021494030952454	0.18089611972320338
cars	heroesofthestorm	other	-0.12625408172607422	-0.2726360261440277	-0.19504404067993164	-0.44531792402267456	-0.2608405351638794	-0.09435802698135376	-0.18865054845809937	-0.07399846613407135	-0.028355761538672614
cars	Drugs	other	0.309482216835022	0.22047975659370422	-0.15114407241344452	0.0966847836971283	0.02868620492517948	-0.023441562429070473	-0.008571906946599483	0.07616543024778366	0.09256178961136723
cars	oculus	other	0.0971294641494751	0.19310960173606873	-0.44618088006973267	-0.0471344068646431	0.06969074159860611	-0.06136268004775047	0.061306171119213104	-0.09522613137960434	0.011050385046171953
cars	KotakuInAction	other	-0.03828275203704834	-0.5017383694648743	-0.1290113478899002	-0.11720017343759537	-0.3016771972179413	-0.3013608157634735	-0.13672694563865662	-0.37188243865966797	-0.016480727270734342
cars	exjw	other	-0.23129461705684662	-0.4466797411441803	-0.5657509565353394	-0.138485386967659	-0.1823798567056656	-0.07461218535900116	-0.4861677885055542	-0.31302812695503235	0.01699083189614933
cars	stopdrinking	other	-0.612597644329071	0.05628455802798271	-0.275323748588562	-0.003644669661298394	-0.3603382408618927	-0.14488105475902557	-0.0600300170481205	-0.5214217305183411	0.08161981600644731
cars	AskWomen	other	-0.2959733009338379	-0.4607639014720917	0.05540172755718231	-0.1737632006406784	-0.26434648036956787	-0.31673380732536316	0.06072720140218735	-0.26889726519584656	0.13174151267961606
cars	EDH	other	-0.25020796060562134	-0.1417328417301178	-0.11788810044527054	0.058786407113075256	-0.21651217341423035	0.11984311789274216	-0.1490323543548584	0.052591681480407715	0.04304121028759925
cars	photography	other	0.3388962745666504	0.29609695076942444	0.12044577300548553	0.1508265882730484	0.1509682685136795	0.19632799923419952	0.21940244734287262	0.19151414930820465	0.40660298238134807
cars	Fantasy	other	0.07420278340578079	-0.360928475856781	-0.37440919876098633	-0.05634442716836929	0.13917772471904755	-0.1176353245973587	0.08766695111989975	0.08560049533843994	0.14371451991862544
cars	femalefashionadvice	other	-0.1401006132364273	-0.1599777191877365	-0.07363475859165192	0.00807951856404543	-0.04265215992927551	0.004422380123287439	0.04930740222334862	-0.03752846643328667	0.27909249873597014
cars	breakingmom	other	-0.23589372634887695	-0.013163329102098942	0.13007192313671112	-0.09106455743312836	-0.08792386949062347	0.03146576136350632	-0.11837291717529297	0.09225094318389893	0.15557494045737286
cars	BabyBumps	other	-0.15857984125614166	-0.007876435294747353	0.13147558271884918	-0.26054647564888	-0.10724577307701111	-0.16094724833965302	-0.22563418745994568	0.08849235624074936	0.14182438932289151
cars	explainlikeimfive	other	0.04467292129993439	0.10010227560997009	0.25495660305023193	0.20134857296943665	0.16853757202625275	0.2151280641555786	0.1616860181093216	0.23859935998916626	0.13129003816752122
cars	xxfitness	other	0.09713561087846756	-0.2122465968132019	0.16173608601093292	-0.12475749850273132	-0.096831776201725	-0.14022867381572723	-0.06978750228881836	-0.10683716088533401	0.2797110027506495
cars	TwoXChromosomes	other	-0.08123180270195007	-0.38727161288261414	-0.022140083834528923	-0.23321369290351868	-0.2903120517730713	-0.3151937425136566	-0.14175011217594147	-0.28969770669937134	0.13038224017718109
cars	Advice	other	-0.11397487670183182	-0.05640006437897682	-0.16713158786296844	0.09019184112548828	-0.07470904290676117	-0.060032621026039124	0.05208190530538559	0.02091507986187935	0.23107813428441817
cars	relationships	other	-0.1300380378961563	-0.005647976417094469	-0.01741860620677471	-0.07926183193922043	-0.20357054471969604	-0.3347351849079132	-0.25164541602134705	-0.1294040083885193	0.24256708405308397
Warframe	EarthPorn	other	-0.3204328715801239	-0.1992436796426773	-0.21020448207855225	-0.07913347333669662	-0.4042273163795471	-0.40856295824050903	-0.4943065345287323	0.011627412401139736	-0.12922185582893944
Warframe	techsupport	different	0.2981463372707367	0.20131173729896545	-0.008191867731511593	-0.2517513036727905	-0.17701831459999084	-0.2128015011548996	-0.010614307597279549	-0.06523822247982025	0.33315897261750654
Warframe	heroesofthestorm	videogames	0.5036193132400513	0.3463626205921173	0.48519864678382874	0.38249120116233826	0.2706281840801239	0.27203497290611267	0.39815276861190796	0.39265894889831543	0.5264589075919933
Warframe	Drugs	other	0.02733653411269188	-0.0016947692492976785	-0.45602792501449585	0.1594650149345398	-0.414808988571167	0.0817866101861	0.05674842372536659	0.08038898557424545	-0.010202937640086769
Warframe	oculus	different	0.058541588485240936	-0.006420318502932787	0.13898570835590363	0.1855432689189911	0.030856916680932045	0.05507878214120865	-0.0017670352244749665	0.04342189431190491	0.39505734255758446
Warframe	KotakuInAction	other	0.1776757687330246	0.2852758765220642	0.1294107586145401	0.005866693332791328	0.19619473814964294	0.05904008075594902	0.05648711696267128	0.039268527179956436	0.21962274657524775
Warframe	exjw	other	-0.08568331599235535	-0.25785577297210693	-0.14725778996944427	-0.22242942452430725	0.04278159514069557	-0.2796010673046112	0.06347817182540894	-0.6768547296524048	0.04211481489355801
Warframe	stopdrinking	other	-0.358798086643219	-0.3224772810935974	-0.1954183280467987	-0.01401726808398962	-0.27649176120758057	-0.40177860856056213	-0.1280573159456253	-0.08704683929681778	0.049098146062145284
Warframe	AskWomen	different	-0.18787583708763123	-0.3227594494819641	-0.12209408730268478	-0.21105031669139862	-0.16497890651226044	-0.10697264224290848	-0.16018453240394592	-0.15662913024425507	0.0511521304360508
Warframe	EDH	videogames	0.1688123494386673	0.16206972301006317	0.017258349806070328	0.2002956122159958	0.12221638113260269	0.0994456559419632	0.1269654482603073	0.16249018907546997	0.5657692838741524
Warframe	photography	other	-0.30739232897758484	-0.36108511686325073	0.08049318939447403	-0.01812424324452877	-0.0626894161105156	-0.012737087905406952	-0.5803325176239014	-0.059598926454782486	-0.14217462615967935
Warframe	Fantasy	other	0.032725989818573	-0.20300331711769104	0.06994416564702988	0.03245456889271736	0.019536493346095085	0.015122264623641968	0.04071057215332985	-0.003997336141765118	0.2296858399687711
Warframe	femalefashionadvice	different	-0.3157822787761688	-0.013908779248595238	-0.05172882601618767	-0.283633828163147	-0.33803144097328186	-0.15898306667804718	-0.15419138967990875	-0.2733802795410156	0.16324936886759042
Warframe	breakingmom	different	-0.14840072393417358	-0.20310695469379425	-0.01351566519588232	-0.08593213558197021	0.0045371451415121555	0.051925718784332275	-0.12135569006204605	-0.10059793293476105	0.20327007782264345
Warframe	BabyBumps	different	-0.22735676169395447	-0.2673887312412262	-0.20032323896884918	-0.034579191356897354	-0.16692602634429932	0.13916446268558502	-0.014640217646956444	0.012771612033247948	0.06617527036372686
Warframe	explainlikeimfive	different	0.11445969343185425	-0.10171809047460556	-0.028649110347032547	-0.1536618173122406	-0.020786844193935394	-0.004270137753337622	0.09277840703725815	-0.011934883892536163	0.06437689646110327
Warframe	xxfitness	different	-0.07291340082883835	0.11150334030389786	-0.3606221675872803	-0.06059860810637474	0.12343842536211014	-0.1380559355020523	-0.025612594559788704	-0.062382496893405914	0.13714240074313083
Warframe	TwoXChromosomes	different	-0.17437461018562317	-0.2578597664833069	-0.10945375263690948	-0.19755993783473969	-0.25189077854156494	-0.026173686608672142	-0.16423724591732025	-0.2307920604944229	-0.13933031193871168
Warframe	Advice	different	0.05803869292140007	-0.35583269596099854	-0.17605452239513397	-0.27006474137306213	-0.16116493940353394	-0.256686270236969	-0.3501826226711273	-0.30196183919906616	0.20916155874480602
Warframe	relationships	different	0.018767300993204117	-0.47993361949920654	0.03145599365234375	-0.05779032036662102	-0.15482355654239655	-0.13999709486961365	-0.36724746227264404	-0.16048839688301086	0.15462249291257685
EarthPorn	techsupport	other	-0.06612251698970795	0.06311056762933731	-0.009362091310322285	-0.24989408254623413	0.018098514527082443	-0.023865748196840286	-0.027281848713755608	-0.17517521977424622	0.04967227758815863
EarthPorn	heroesofthestorm	other	-0.02663671225309372	-0.3898985683917999	0.14691470563411713	-0.05220240727066994	-0.4810411334037781	-0.37668031454086304	-0.3664095997810364	-0.09047622233629227	-0.07783650473674743
EarthPorn	Drugs	other	0.30312326550483704	-0.049566783010959625	-0.12503282725811005	0.1238664984703064	-0.023388244211673737	0.12582498788833618	-0.01095597818493843	0.10876284539699554	0.0805614475409162
EarthPorn	oculus	other	0.07438749074935913	-0.10695075988769531	-0.1836475133895874	-0.11950810253620148	0.08336795121431351	-0.04288459196686745	0.058658599853515625	-0.1639246940612793	0.10189821225923205
EarthPorn	KotakuInAction	other	0.19039437174797058	-0.1765100061893463	-0.20681394636631012	-0.5909428596496582	-0.39448225498199463	-0.41126665472984314	-0.012600257061421871	-0.3867247700691223	0.04123819854084271
EarthPorn	exjw	other	0.0999629944562912	-0.19738756120204926	-0.05493143945932388	0.19795973598957062	0.14112184941768646	0.17155945301055908	0.017136087641119957	0.11229287087917328	0.11087170108257671
EarthPorn	stopdrinking	other	0.04260324314236641	0.20585764944553375	-0.0741666704416275	0.17207762598991394	0.08429794013500214	0.13631519675254822	0.19383855164051056	0.22959288954734802	0.23125958602520283
EarthPorn	AskWomen	other	-0.3540664315223694	-0.24103616178035736	-0.16044703125953674	-0.19640840590000153	-0.09726574271917343	-0.23202380537986755	-0.069109246134758	-0.2709522545337677	0.17080779622803077
EarthPorn	EDH	other	-0.16900652647018433	-0.28799673914909363	-0.22906313836574554	-0.07089641690254211	0.11386071890592575	-0.26723504066467285	-0.1843029260635376	-0.13000284135341644	-0.1207239722829966
EarthPorn	photography	other	0.2680477797985077	0.07895303517580032	0.19209350645542145	0.48738783597946167	0.3797990381717682	0.4390853941440582	0.3319939076900482	0.40243738889694214	0.5864487988679868
EarthPorn	Fantasy	other	0.006425947416573763	-0.048552192747592926	0.1716928333044052	0.05517061427235603	-0.035467106848955154	0.05316048115491867	-0.014246863313019276	-0.06247663125395775	0.2316766224299391
EarthPorn	femalefashionadvice	other	0.05148111283779144	0.18698717653751373	0.04754279926419258	0.031039336696267128	0.07099578529596329	0.03503299877047539	0.1451619416475296	0.0629551112651825	0.30607570105189824
EarthPorn	breakingmom	other	-0.28921279311180115	0.006847867742180824	-0.10528604686260223	-0.0874435305595398	-0.2602992355823517	-0.28049951791763306	-0.03796150162816048	-0.10577975958585739	0.15772928599475763
EarthPorn	BabyBumps	other	-0.3931090235710144	0.032120879739522934	-0.1360124796628952	0.06359145045280457	-0.10139596462249756	-0.12483983486890793	0.14287322759628296	0.03309085965156555	0.32349849343226506
EarthPorn	explainlikeimfive	other	-0.024343786761164665	0.017920425161719322	0.05043661966919899	0.1933412402868271	0.1547580063343048	0.06988363713026047	0.06606535613536835	0.18759959936141968	0.24256303642993246
EarthPorn	xxfitness	other	-0.15982747077941895	0.09141433984041214	-0.0017347519751638174	-0.24184127151966095	-0.1441699117422104	-0.2465376853942871	-0.07746513187885284	-0.14100846648216248	0.3878815057731521
EarthPorn	TwoXChromosomes	other	-0.32400453090667725	-0.28053635358810425	-0.3126928508281708	-0.4240420460700989	-0.2413976937532425	-0.3812374472618103	-0.10403092205524445	-0.3507738709449768	0.37510303076892404
EarthPorn	Advice	other	-0.5547556281089783	-0.30236494541168213	-0.08406605571508408	-0.2414659708738327	-0.3758346438407898	-0.236253023147583	-0.46536752581596375	-0.3264418840408325	0.13731573918326845
EarthPorn	relationships	other	-0.49974822998046875	-0.4599601626396179	-0.26334092020988464	-0.3737419545650482	-0.3822033405303955	-0.358660489320755	-0.4052158296108246	-0.4022509455680847	0.20187435984244748
techsupport	heroesofthestorm	different	-0.019881878048181534	-0.09652145951986313	0.06298675388097763	0.10473377257585526	0.06593690812587738	-0.013101262040436268	0.061625927686691284	0.042521994560956955	0.2910952835192471
techsupport	Drugs	other	-0.1426912099123001	-0.012745584361255169	-0.12017413973808289	0.05816831812262535	0.17244866490364075	-0.2428143322467804	-0.1396365761756897	0.004432256333529949	0.08325872073570359
techsupport	oculus	technology	0.23385755717754364	0.19746553897857666	0.18859899044036865	0.2393789142370224	0.27547913789749146	0.22744788229465485	0.1946728676557541	0.2451259195804596	0.31546335266003617
techsupport	KotakuInAction	other	0.07257158309221268	0.13089202344417572	-0.17288841307163239	-0.018285708501935005	-0.1749947965145111	0.04496921971440315	-0.14998053014278412	-0.059202663600444794	-0.031193050022110935
techsupport	exjw	other	-0.24292057752609253	0.09435747563838959	-0.03667408972978592	0.0004156136710662395	-0.10984358191490173	-0.12314137816429138	0.021616892889142036	-0.0909314826130867	-0.06867448142798904
techsupport	stopdrinking	other	-0.06659647822380066	-0.1464928239583969	-0.08136916905641556	0.008746028877794743	-0.0042653498239815235	0.0037360130809247494	-0.03404736518859863	-0.17646409571170807	0.14703249067318092
techsupport	AskWomen	different	-0.26419898867607117	-0.345955491065979	-0.4065000116825104	-0.448795348405838	-0.41631409525871277	-0.3755651116371155	-0.40014907717704773	-0.42622506618499756	0.15607760643350613
techsupport	EDH	different	0.18730510771274567	-0.11755497753620148	0.0390043780207634	0.050624601542949677	-0.06358303874731064	0.014960654079914093	-0.0706399604678154	0.030961530283093452	0.3271447881574588
techsupport	photography	other	0.2060108482837677	0.2950489819049835	0.42482027411460876	0.0864277258515358	0.24268768727779388	0.12549105286598206	0.21895256638526917	0.1407020092010498	0.22079042815435934
techsupport	Fantasy	other	-0.3457075357437134	-0.24159201979637146	-0.28780919313430786	-0.06385386735200882	-0.1791382133960724	-0.19818410277366638	-0.03791089355945587	-0.3662538230419159	0.2006504413787952
techsupport	femalefashionadvice	different	0.1382795125246048	0.14207400381565094	-0.10137549042701721	-0.15905660390853882	-0.09921880066394806	-0.04634382948279381	0.010973653756082058	0.015204443596303463	0.2156653054875895
techsupport	breakingmom	different	-0.18894675374031067	-0.12039145082235336	-0.3298167288303375	-0.17527619004249573	-0.17137373983860016	-0.13092441856861115	0.005572337191551924	-0.31116655468940735	0.010652183761976443
techsupport	BabyBumps	different	-0.028694799169898033	-0.2499212771654129	-0.2022135853767395	-0.19049149751663208	-0.020021943375468254	-0.16339802742004395	0.0020015595946460962	-0.11480315029621124	-0.10115742357857209
techsupport	explainlikeimfive	different	0.02642357349395752	0.10960327088832855	0.23684772849082947	0.0259182658046484	0.09690585732460022	-0.08525746315717697	0.013182316906750202	0.15512984991073608	0.5097997696814697
techsupport	xxfitness	different	-0.15568064153194427	0.02809322252869606	-0.07567485421895981	-0.07089418917894363	-0.3481036424636841	0.0014819703064858913	-0.32744890451431274	-0.038788359612226486	0.19112218793532343
techsupport	TwoXChromosomes	different	-0.10715637356042862	-0.10578828305006027	-0.2111513912677765	-0.32409435510635376	-0.17615357041358948	-0.21252207458019257	-0.30295273661613464	-0.07673519849777222	-0.049434331349732255
techsupport	Advice	different	0.4741165339946747	0.30991029739379883	0.31517356634140015	0.16285306215286255	0.25461551547050476	0.23526985943317413	0.2240947037935257	0.15271268784999847	0.4742805256640805
techsupport	relationships	different	0.17439313232898712	-0.018557963892817497	-0.169041708111763	-0.05252411961555481	-0.01582348346710205	0.06651116907596588	-0.06718724966049194	-0.07748832553625107	0.2145095345151405
heroesofthestorm	Drugs	other	-0.13925883173942566	-0.12143164873123169	0.0770760029554367	0.1099308580160141	0.04072131961584091	-0.006314888130873442	-0.5525111556053162	0.009018316864967346	0.01879608656934927
heroesofthestorm	oculus	different	-0.14640043675899506	-0.2625659108161926	-0.11906380951404572	-0.07727048546075821	0.08309343457221985	0.031567931175231934	-0.1839606910943985	0.03113512322306633	0.17599743952467506
heroesofthestorm	KotakuInAction	other	0.1588556170463562	0.07053583115339279	-0.1650208830833435	0.08628276735544205	0.15256892144680023	-0.007668639533221722	0.09898564964532852	0.0889887884259224	0.1424967951564912
heroesofthestorm	exjw	other	-0.2888064384460449	-0.2950458824634552	-0.4229125380516052	0.051005493849515915	-0.6164510846138	-0.18921685218811035	-0.016804197803139687	-0.09950551390647888	0.05400846077864034
heroesofthestorm	stopdrinking	other	-0.11202862858772278	-0.25812220573425293	0.18565040826797485	0.036070141941308975	0.025025956332683563	0.12726455926895142	0.07036813348531723	-0.05293646082282066	-0.15437048192438524
heroesofthestorm	AskWomen	different	-0.15725462138652802	0.0722876563668251	-0.22749686241149902	-0.5693597793579102	-0.11588136106729507	-0.14128679037094116	-0.047104399651288986	-0.4982351064682007	0.02605983200109252
heroesofthestorm	EDH	videogames	0.14424875378608704	0.4219212234020233	0.22718824446201324	0.196415513753891	0.2103281468153	0.21512942016124725	0.12569837272167206	0.24058356881141663	0.41898008246184704
heroesofthestorm	photography	other	-0.48646944761276245	-0.17153064906597137	-0.03454997017979622	-0.053573258221149445	-0.1948450654745102	-0.06119086593389511	-0.06151679903268814	-0.010666844435036182	0.022020688768030268
heroesofthestorm	Fantasy	other	0.08022341877222061	0.20342673361301422	0.20028693974018097	-0.12230364233255386	0.13186712563037872	-0.2091684639453888	0.10218895226716995	-0.09985744953155518	0.13955576570769906
heroesofthestorm	femalefashionadvice	different	-0.08982612192630768	-0.29227015376091003	-0.09188125282526016	-0.016131889075040817	-0.27263978123664856	-0.03876057639718056	-0.0918608158826828	-0.08027473092079163	0.15682967159091663
heroesofthestorm	breakingmom	different	-0.4273361563682556	-0.3730238378047943	-0.19660045206546783	-0.1230677142739296	-0.05745617672801018	-0.17314684391021729	-0.1846393197774887	-0.07714167982339859	0.05922360018899316
heroesofthestorm	BabyBumps	different	-0.2650569677352905	-0.27816832065582275	-0.1759711354970932	-0.019111942499876022	-0.012423006817698479	-0.1865502893924713	-0.3737570345401764	0.035659678280353546	0.056533497569538724
heroesofthestorm	explainlikeimfive	different	0.02615216001868248	0.16572292149066925	-0.11406389623880386	-0.15608972311019897	-0.021368764340877533	0.06727856397628784	-0.3196752965450287	-0.30461376905441284	0.1499996456681874
heroesofthestorm	xxfitness	different	0.04913881793618202	0.1689847856760025	-0.13669463992118835	-0.017759915441274643	-0.0044137537479400635	-0.028325367718935013	0.08788871765136719	-0.18898817896842957	0.10568657465805556
heroesofthestorm	TwoXChromosomes	different	0.03270218148827553	0.15981395542621613	-0.3858022093772888	-0.3095497786998749	-0.10510977357625961	-0.195344015955925	-0.335418164730072	-0.1768830269575119	0.009222043101398587
heroesofthestorm	Advice	different	-0.27335745096206665	-0.058855898678302765	0.029103344306349754	-0.2920515239238739	-0.08151272684335709	-0.21715770661830902	-0.11598185449838638	-0.0696672722697258	0.1450118299472119
heroesofthestorm	relationships	different	-0.1671736240386963	-0.0696699321269989	0.1532260626554489	-0.3046903610229492	-0.07754683494567871	-0.20328350365161896	-0.04509845748543739	-0.11154742538928986	0.10214375045991801
Drugs	oculus	other	-0.045730285346508026	-0.3292670249938965	-0.026882195845246315	-0.3591904044151306	-0.14277975261211395	-0.022602563723921776	0.017902441322803497	-0.2080729901790619	0.1011122303273179
Drugs	KotakuInAction	other	-0.08128009736537933	-0.3931887745857239	-0.03700371831655502	-0.13929779827594757	-0.2652771472930908	-0.2524466812610626	-0.1082112193107605	-0.2840711772441864	0.09811219404067695
Drugs	exjw	other	0.20309171080589294	0.009025477804243565	0.15872615575790405	0.1585448682308197	0.009208112955093384	0.09210769832134247	0.2528361976146698	-0.07732845842838287	0.29332220546223764
Drugs	stopdrinking	other	0.27981069684028625	0.3974417746067047	0.15949101746082306	0.3283294141292572	0.3039045035839081	0.4189445674419403	0.3023713231086731	0.3505832254886627	0.4861430297731495
Drugs	AskWomen	other	-0.07561815530061722	-0.0009276837226934731	-0.019707564264535904	-0.1015811488032341	0.012921599671244621	-0.08209497481584549	-0.010384764522314072	-0.09939540177583694	0.4933069016084761
Drugs	EDH	other	-0.3576563894748688	-0.2864968478679657	0.08175469189882278	-0.48806554079055786	0.07206510752439499	-0.2590606212615967	0.09631173312664032	-0.1749512255191803	0.15477486304902954
Drugs	photography	other	0.15670019388198853	-0.24981741607189178	-0.44628724455833435	0.0020929945167154074	-0.25555482506752014	0.054175518453121185	-0.08969249576330185	0.046677421778440475	0.19588361623674935
Drugs	Fantasy	other	-0.37540921568870544	-0.4122496545314789	-0.06475383788347244	0.110323965549469	-0.02628079243004322	0.16507062315940857	0.14012785255908966	0.0760493054986	0.1655996198191205
Drugs	femalefashionadvice	other	-0.3414067029953003	0.04122912883758545	-0.20096571743488312	-0.12470089644193649	-0.15544457733631134	-0.3323889970779419	-0.37831318378448486	-0.1997489631175995	0.5206496193832829
Drugs	breakingmom	other	0.15285584330558777	-0.18460948765277863	0.054466553032398224	-0.15351034700870514	-0.10680731385946274	-0.054453086107969284	-0.043891556560993195	-0.09746063500642776	0.26841035459949436
Drugs	BabyBumps	other	-0.1008245125412941	0.03203219547867775	-0.03296012431383133	-0.0736892893910408	0.02645546942949295	-0.02412060648202896	0.05476997792720795	0.01703942008316517	0.1870107271721381
Drugs	explainlikeimfive	other	-0.004978429060429335	0.16441066563129425	0.019603295251727104	0.10832285135984421	0.14553000032901764	0.11478573828935623	0.19866858422756195	0.1658594161272049	0.15828594013225478
Drugs	xxfitness	other	0.4119793176651001	0.09751629829406738	0.06334821879863739	-0.005808374844491482	0.005194209516048431	-0.14077360928058624	-0.08606144040822983	-0.06055370718240738	0.5170808393936105
Drugs	TwoXChromosomes	other	0.07319097220897675	0.07524623721837997	-0.11386840790510178	-0.020050959661602974	0.11113068461418152	-0.026053836569190025	0.17992553114891052	-0.012859838083386421	0.6410648538396871
Drugs	Advice	other	0.15211191773414612	0.30952176451683044	0.22246883809566498	0.2564701437950134	0.06511059403419495	0.27486076951026917	0.2839277684688568	0.29967790842056274	0.4592502479943561
Drugs	relationships	other	0.11368976533412933	0.005727992858737707	0.16903752088546753	0.05566421523690224	-0.04991595074534416	0.06951199471950531	0.2117157131433487	0.062404852360486984	0.5727913374722631
oculus	KotakuInAction	other	0.22710669040679932	-0.021243834868073463	0.38627344369888306	0.1621321737766266	0.20203734934329987	0.2808185815811157	0.23439599573612213	0.2643003463745117	0.34862510845462447
oculus	exjw	other	0.14141845703125	0.25185370445251465	0.24374240636825562	-0.4603644907474518	-0.06613366305828094	-0.0092376209795475	-0.09369463473558426	0.057898808270692825	0.20824689194858134
oculus	stopdrinking	other	-0.031750138849020004	-0.2590220868587494	-0.025680840015411377	-0.23276308178901672	0.0383538082242012	-0.05220143869519234	-0.08439416438341141	0.03442222997546196	0.1377836380458401
oculus	AskWomen	different	-0.40599897503852844	-0.278251588344574	0.0022745549213141203	-0.22798475623130798	-0.2946404814720154	-0.35164156556129456	-0.3936389088630676	-0.44483742117881775	-0.053475275800730776
oculus	EDH	different	-0.2059904932975769	-0.14801006019115448	-0.21920537948608398	-0.2036927193403244	-0.15460005402565002	-0.1690589040517807	0.04418852925300598	-0.3012118637561798	0.1683026839736379
oculus	photography	other	0.30065807700157166	0.4969516694545746	0.28826430439949036	0.2971665859222412	0.25472304224967957	0.17515428364276886	0.1829605996608734	0.28048285841941833	0.21818461807313347
oculus	Fantasy	other	0.027039093896746635	0.12370860576629639	-0.027367020025849342	0.07348433881998062	0.04076378792524338	0.12626059353351593	-0.17415806651115417	0.11353093385696411	0.2778334443022972
oculus	femalefashionadvice	different	-0.061271701008081436	0.09769586473703384	-0.043632425367832184	-0.29973411560058594	-0.04080618917942047	-0.10686703026294708	-0.1808837652206421	-0.18662159144878387	-0.08203317874132268
oculus	breakingmom	different	0.16923068463802338	0.09444687515497208	-0.4470359981060028	-0.27644386887550354	-0.25186431407928467	-0.23274508118629456	-0.17303799092769623	-0.3197828531265259	0.11147506632383293
oculus	BabyBumps	different	0.13820600509643555	0.029657837003469467	-0.435463011264801	0.08033246546983719	-0.0008817359339445829	0.04511099308729172	0.027952473610639572	-0.12595996260643005	0.035864189650589906
oculus	explainlikeimfive	different	-0.16738496720790863	-0.11686688661575317	-0.12434603273868561	0.12281864136457443	0.018547246232628822	0.09574355185031891	0.12104114145040512	0.10143174231052399	0.013452113668305229
oculus	xxfitness	different	-0.1630132496356964	-0.2128857672214508	-0.26590895652770996	-0.035583727061748505	-0.20027874410152435	0.008937792852520943	-0.12290237843990326	0.03442149609327316	-0.08060981147783701
oculus	TwoXChromosomes	different	-0.09566613286733627	-0.10488846153020859	0.02119932323694229	-0.08127188682556152	-0.1493169665336609	-0.15131787955760956	-0.12272133678197861	-0.2898813486099243	0.03310990732480603
oculus	Advice	different	-0.1709112524986267	-0.19972211122512817	-0.13929377496242523	-0.23163728415966034	-0.26034364104270935	-0.2263946384191513	-0.253423273563385	-0.34731683135032654	0.031169966224588057
oculus	relationships	different	-0.09641100466251373	0.0914083868265152	-0.3730229437351227	-0.1910853087902069	-0.2734931409358978	-0.20477628707885742	-0.2772715091705322	-0.38407960534095764	0.017427592118630507
KotakuInAction	exjw	other	0.30436208844184875	0.0953015387058258	0.18906335532665253	0.10955541580915451	0.2518170475959778	0.07681890577077866	0.1610378921031952	0.12739510834217072	0.13528945585819357
KotakuInAction	stopdrinking	other	-0.16801048815250397	-0.22091825306415558	-0.14626799523830414	-0.3272310197353363	-0.2574969232082367	-0.412050724029541	-0.4365694224834442	-0.3543626368045807	0.1671320874316754
KotakuInAction	AskWomen	other	-0.097054623067379	-0.15672318637371063	0.036681681871414185	0.00979674980044365	-0.043061207979917526	0.02074841968715191	-0.10263200849294662	0.1022941842675209	0.03672212180956256
KotakuInAction	EDH	other	-0.10418011248111725	-0.14765791594982147	0.018636554479599	-0.08973441272974014	-0.11021281778812408	-0.06545087695121765	-0.20412087440490723	-0.0064058671705424786	0.13167347020011977
KotakuInAction	photography	other	-0.13805706799030304	-0.15254740417003632	-0.003549849381670356	-0.40179628133773804	-0.16313350200653076	-0.31267067790031433	-0.13609091937541962	-0.1008724793791771	-0.10865391327959417
KotakuInAction	Fantasy	other	0.006363522261381149	0.10924091190099716	0.12362511456012726	0.23387110233306885	0.31034108996391296	0.3138444423675537	0.15063394606113434	0.20740370452404022	0.10129092903997265
KotakuInAction	femalefashionadvice	other	-0.07406124472618103	0.17303089797496796	-0.1675788313150406	0.010949012823402882	-0.13221588730812073	-0.07125899940729141	-0.08848223090171814	-0.02354680933058262	-0.06530461024624208
KotakuInAction	breakingmom	other	-0.33912181854248047	-0.23279276490211487	-0.11781905591487885	-0.27266502380371094	-0.19511234760284424	-0.2708488702774048	-0.23488740622997284	-0.43146762251853943	0.12389850594254066
KotakuInAction	BabyBumps	other	-0.4554988443851471	-0.3264351189136505	-0.2326829433441162	-0.3609359562397003	-0.3685133457183838	-0.27946823835372925	-0.1667921245098114	-0.515753984451294	0.03946882566154137
KotakuInAction	explainlikeimfive	other	0.01978115737438202	-0.0763830617070198	0.1467193365097046	0.15625077486038208	0.2623722553253174	0.2469862997531891	0.05203225836157799	0.175898939371109	0.05210111465769729
KotakuInAction	xxfitness	other	-0.2052285224199295	-0.012896252796053886	-0.48998314142227173	-0.14471787214279175	-0.3312391936779022	-0.22158482670783997	-0.24141854047775269	-0.2767089009284973	-0.10906246448194361
KotakuInAction	TwoXChromosomes	other	0.21850411593914032	0.18449667096138	0.4228913486003876	0.3641071319580078	0.3850114941596985	0.44513243436813354	0.41534188389778137	0.32073774933815	0.10796059588784233
KotakuInAction	Advice	other	-0.26153045892715454	0.15723784267902374	-0.1988293081521988	-0.19165049493312836	-0.12846335768699646	-0.12802842259407043	-0.1548725813627243	-0.12259113788604736	0.022399875989471386
KotakuInAction	relationships	other	0.07642791420221329	0.02883228473365307	-0.058444999158382416	-0.07066621631383896	0.02970273047685623	0.02665911614894867	-0.026272471994161606	-0.006157109513878822	0.07511208246979449
exjw	stopdrinking	other	0.4388769567012787	0.17464080452919006	0.37187477946281433	0.26505550742149353	0.3336736261844635	0.3625963032245636	0.38576310873031616	0.2852901518344879	0.298421441410169
exjw	AskWomen	other	-0.053439684212207794	0.21560905873775482	-0.02633131854236126	-0.01628105342388153	0.03487542271614075	0.24515610933303833	0.07628660649061203	0.09937390685081482	0.32184020061236673
exjw	EDH	other	0.0058375876396894455	-0.24198143184185028	-0.27033257484436035	0.05307863652706146	0.006499054376035929	0.07346279919147491	0.03584667295217514	-0.07531102746725082	0.3254547496524979
exjw	photography	other	0.018547169864177704	-0.24570448696613312	-0.346468448638916	-0.15869632363319397	-0.13624849915504456	-0.20793816447257996	-0.3827913999557495	0.014794864691793919	0.056146640061033405
exjw	Fantasy	other	0.36881983280181885	0.4038863778114319	-0.05831095948815346	0.14512942731380463	0.1371212601661682	0.15636073052883148	0.119437076151371	0.16399456560611725	0.04163166087257762
exjw	femalefashionadvice	other	-0.16140775382518768	-0.09654398262500763	-0.20462150871753693	-0.06775254756212234	-0.2128373235464096	-0.06124047189950943	-0.0808931440114975	0.03058130294084549	0.18875405244056653
exjw	breakingmom	other	0.24581320583820343	0.32122933864593506	0.2623564898967743	0.175395667552948	0.12606672942638397	0.08394373953342438	0.27902737259864807	0.14348798990249634	0.4417402997606859
exjw	BabyBumps	other	0.15931500494480133	0.18338888883590698	0.1836918741464615	0.03601892665028572	-0.044603001326322556	0.012131638824939728	0.0673745721578598	-0.023577652871608734	0.35580302305798667
exjw	explainlikeimfive	other	-0.08801203221082687	-0.11406707018613815	-0.008584223687648773	0.2208164781332016	0.19546250998973846	0.16003717482089996	0.1540880650281906	0.060979727655649185	0.03481081678641979
exjw	xxfitness	other	-0.0388491153717041	-0.30029088258743286	-0.10377728193998337	-0.22924596071243286	-0.1431542932987213	-0.20152053236961365	0.01199843268841505	-0.19539585709571838	0.20191327703804487
exjw	TwoXChromosomes	other	0.06098821014165878	0.3915046155452728	0.340955525636673	0.2586042582988739	0.25300806760787964	0.19490571320056915	0.17660661041736603	0.24354708194732666	0.33151245646451244
exjw	Advice	other	0.025493616238236427	0.17435942590236664	0.3529277443885803	0.1973114013671875	0.1303379386663437	0.13271105289459229	0.2127930223941803	0.20690122246742249	0.22646919046409802
exjw	relationships	other	0.20569920539855957	0.2732482850551605	0.08587536215782166	0.22213779389858246	0.19445711374282837	0.15796351432800293	0.21687838435173035	0.20025859773159027	0.3854699904024253
stopdrinking	AskWomen	other	0.15367724001407623	0.10731744766235352	0.3077138066291809	0.09103590995073318	0.19998984038829803	0.1175706535577774	0.20192143321037292	0.15178151428699493	0.43548115757274225
stopdrinking	EDH	other	0.12474862486124039	-0.44489267468452454	-0.13273215293884277	-0.06629958003759384	0.140997514128685	-0.01648751273751259	-0.1247825101017952	-0.031123775988817215	0.1262898517144865
stopdrinking	photography	other	0.04607950150966644	-0.14913879334926605	-0.36621955037117004	0.05746353045105934	-0.0020119526889175177	-0.042425088584423065	0.07924293726682663	0.11522278189659119	0.2204437375375521
stopdrinking	Fantasy	other	-0.20849618315696716	-0.14057789742946625	-0.013828868046402931	0.17782260477542877	0.08362381160259247	0.2815447449684143	0.15437918901443481	0.07233502715826035	0.15388334357675237
stopdrinking	femalefashionadvice	other	0.11624034494161606	0.137901172041893	-0.10793494433164597	-0.018905580043792725	-0.03693108633160591	-0.08063295483589172	-0.1648607850074768	-0.09129058569669724	0.36583727766528057
stopdrinking	breakingmom	other	0.14690154790878296	0.2525293529033661	0.3363884687423706	0.16066771745681763	0.21331697702407837	0.2512456178665161	0.2691739797592163	0.26625221967697144	0.28651511509154715
stopdrinking	BabyBumps	other	0.32190603017807007	0.3473893105983734	0.3973064422607422	0.18023495376110077	0.23218922317028046	0.24584122002124786	0.2781459391117096	0.28529036045074463	0.2664909819684486
stopdrinking	explainlikeimfive	other	-0.06536772847175598	-0.13523752987384796	-0.375733345746994	0.024073494598269463	-0.04609290510416031	0.029076075181365013	-0.08020755648612976	-0.09377771615982056	0.2258687687330601
stopdrinking	xxfitness	other	0.1762789636850357	0.33394354581832886	0.2624146342277527	0.24457889795303345	0.31143105030059814	0.2731627821922302	0.2987876236438751	0.2691665589809418	0.3917454703081096
stopdrinking	TwoXChromosomes	other	0.16646958887577057	-0.01140665728598833	0.06956057250499725	0.0022870395332574844	0.01981082558631897	0.03633902221918106	-0.08017054945230484	0.11084939539432526	0.44284061995641305
stopdrinking	Advice	other	0.15689364075660706	0.14208866655826569	0.42985525727272034	0.25770050287246704	0.2818349003791809	0.3354039788246155	0.2164083570241928	0.26122474670410156	0.43596155550417076
stopdrinking	relationships	other	0.22988833487033844	0.12455274909734726	0.29545366764068604	0.25475168228149414	0.22127623856067657	0.20671452581882477	0.25847724080085754	0.22738882899284363	0.5606159725605471
AskWomen	EDH	different	0.3738650679588318	0.12312626093626022	-0.01499810628592968	-0.07008656859397888	0.037373196333646774	0.035218868404626846	-0.022596843540668488	-0.055925555527210236	0.3866682589651237
AskWomen	photography	other	-0.06653434038162231	-0.07213429361581802	0.014406724832952023	-0.11457054316997528	-0.06490294635295868	-0.07028026133775711	0.03451430797576904	-0.28339526057243347	0.15493881963925502
AskWomen	Fantasy	other	0.06637614220380783	0.22419802844524384	0.10788097232580185	0.0806235745549202	-0.004801229108124971	-0.030050264671444893	0.17256011068820953	0.20933960378170013	0.19840201544481445
AskWomen	femalefashionadvice	female-focused	0.34882399439811707	0.1445254683494568	0.18629664182662964	0.3926317095756531	0.36397236585617065	0.40597212314605713	0.43885526061058044	0.35040515661239624	0.7432817529145821
AskWomen	breakingmom	female-focused	0.29147276282310486	0.34276148676872253	0.2561313509941101	0.4429280757904053	0.5366202592849731	0.3905003070831299	0.41471055150032043	0.5262940526008606	0.2916052173108876
AskWomen	BabyBumps	female-focused	0.22993521392345428	0.3182715177536011	0.15325810015201569	0.3246922791004181	0.37485817074775696	0.2561360001564026	0.23530907928943634	0.3129998445510864	0.27805279568500785
AskWomen	explainlikeimfive	different	0.14335303008556366	0.11844228208065033	0.18597136437892914	-0.13296423852443695	-0.10083652287721634	0.06261274963617325	0.015924839302897453	-0.1630704253911972	0.5159056657701449
AskWomen	xxfitness	female-focused	0.3177878260612488	0.3737114369869232	0.4444144368171692	0.31232282519340515	0.30210137367248535	0.4465791881084442	0.29384714365005493	0.2896275520324707	0.7515146785713106
AskWomen	TwoXChromosomes	female-focused	0.4440423250198364	0.28587377071380615	0.47214213013648987	0.7314541339874268	0.593630313873291	0.5838119387626648	0.4813843071460724	0.6687709093093872	0.6516079814062707
AskWomen	Advice	different	0.18369999527931213	0.1166292279958725	0.1944272369146347	0.45146802067756653	0.37050169706344604	0.3200567960739136	0.28384506702423096	0.39697104692459106	0.8097974568201259
AskWomen	relationships	different	0.2533949613571167	0.2288055568933487	0.27215123176574707	0.6022310853004456	0.5210059285163879	0.4742608368396759	0.45497870445251465	0.6324595212936401	0.9018402327889788
EDH	photography	other	0.13119356334209442	-0.07867449522018433	-0.14675560593605042	0.0716124027967453	0.18797822296619415	0.011317247524857521	0.15340246260166168	0.056567732244729996	-0.09570254241840331
EDH	Fantasy	other	0.33407533168792725	0.2871405780315399	0.48004356026649475	0.15060082077980042	0.25048181414604187	0.2088402807712555	0.017227979376912117	0.19421741366386414	0.16430201659234125
EDH	femalefashionadvice	different	0.2685990631580353	-0.2462177276611328	0.12182476371526718	0.07194501161575317	0.08433955907821655	0.050917573273181915	0.06556303799152374	0.02628924511373043	0.3893085978773592
EDH	breakingmom	different	-0.018515586853027344	-0.026853900402784348	-0.1422753632068634	-0.025488343089818954	-0.39476457238197327	-0.19340065121650696	-0.31435391306877136	-0.08117114007472992	0.29568524139449004
EDH	BabyBumps	different	-0.10123268514871597	0.13875910639762878	-0.007026317063719034	-0.2985305190086365	-0.32148218154907227	-0.44003042578697205	-0.3196030557155609	-0.3782954514026642	0.12293440967818514
EDH	explainlikeimfive	different	-0.26843488216400146	0.14297039806842804	0.04483846575021744	-0.2937122881412506	-0.13558073341846466	-0.30724701285362244	0.025078831240534782	-0.187363862991333	0.26335974403455625
EDH	xxfitness	different	-0.2526310980319977	-0.11063224822282791	-0.11502955853939056	-0.02187674306333065	-0.09335906058549881	0.04151717573404312	-0.16521447896957397	0.033212579786777496	0.346028715621135
EDH	TwoXChromosomes	different	-0.1437472701072693	0.24790909886360168	-0.13691528141498566	-0.25247499346733093	-0.21042031049728394	-0.3010875880718231	-0.10690212994813919	-0.3016071915626526	-0.02214190523140916
EDH	Advice	different	0.15086565911769867	-0.14399588108062744	-0.20330475270748138	-0.06916219741106033	-0.013100282289087772	-0.00863269530236721	-0.03092215210199356	-0.00788649171590805	0.5466137504532197
EDH	relationships	different	0.26426857709884644	0.08173293620347977	-0.11035139113664627	0.09864237159490585	-0.016339050605893135	0.04927029460668564	-0.004602672997862101	0.05546926334500313	0.49744843661419774
photography	Fantasy	other	0.036544714123010635	-0.23208075761795044	0.09506366401910782	-0.07927283644676208	0.11390756070613861	-0.08994928002357483	0.10049386322498322	0.09564414620399475	0.31656024819969764
photography	femalefashionadvice	other	0.3117927014827728	0.3428242802619934	0.05389948934316635	0.141116663813591	0.24636942148208618	0.19315017759799957	0.2760322391986847	0.2824987769126892	0.3984826572515667
photography	breakingmom	other	-0.09701050072908401	-0.07065784186124802	-0.2324637919664383	-0.47676897048950195	-0.439395010471344	-0.4762974977493286	-0.5042191743850708	-0.4304179847240448	0.060923866900060415
photography	BabyBumps	other	-0.11139936745166779	0.07824994623661041	-0.2379850596189499	-0.1696799248456955	-0.23772314190864563	-0.2157282829284668	-0.2834961414337158	-0.3284842371940613	0.23361621669013036
photography	explainlikeimfive	other	0.029995067045092583	-0.0105819720774889	0.12122094631195068	-0.08039651066064835	0.03973977267742157	0.025327535346150398	-0.0736270472407341	0.019139444455504417	0.10483917166649678
photography	xxfitness	other	0.0669788047671318	0.12032628059387207	0.043978407979011536	-0.04510721564292908	0.052473071962594986	-0.028947904706001282	0.06485287100076675	0.04326001554727554	0.38780755955918295
photography	TwoXChromosomes	other	-0.04379967600107193	-0.04074927046895027	0.11705116182565689	-0.1903749406337738	-0.12329761683940887	-0.07822513580322266	-0.07674714922904968	-0.2761622667312622	0.28509435109604103
photography	Advice	other	0.0533948577940464	-0.020196210592985153	0.15135884284973145	0.21918731927871704	0.049725912511348724	0.19028855860233307	0.04931969195604324	0.11359778791666031	0.17017093323757834
photography	relationships	other	0.10684722661972046	0.1997300088405609	0.10450468212366104	0.007738737855106592	-0.06718260049819946	0.022233549505472183	0.01991249807178974	-0.08455334603786469	0.23983966902871584
Fantasy	femalefashionadvice	other	0.19015736877918243	0.13889345526695251	-0.013852019794285297	0.07562901079654694	0.03597713261842728	0.139201357960701	0.13348260521888733	0.07910889387130737	0.3248530723953716
Fantasy	breakingmom	other	0.05144853889942169	0.06866313517093658	0.14882612228393555	-0.18382997810840607	-0.03333475813269615	-0.14878185093402863	-0.1279783695936203	0.014923577196896076	0.2546460890658098
Fantasy	BabyBumps	other	0.14125597476959229	0.011046066880226135	-0.008732350543141365	-0.10644550621509552	-0.023320715874433517	-0.041405078023672104	-0.2784952223300934	-0.025896478444337845	0.23010641638281984
Fantasy	explainlikeimfive	other	0.06353332102298737	-0.02248154580593109	-0.05894501134753227	-0.028084715828299522	0.0871027335524559	-0.03315623477101326	-0.09743252396583557	0.016166528686881065	0.03981132978705803
Fantasy	xxfitness	other	-0.06273261457681656	-0.17830418050289154	-0.001685775932855904	-0.05335366353392601	-0.23074769973754883	-0.017282851040363312	-0.06663520634174347	-0.20418725907802582	0.32822696398966916
Fantasy	TwoXChromosomes	other	-0.0680440366268158	0.2584322392940521	0.001592279295437038	-0.021078525111079216	0.02402392216026783	0.06834089010953903	-0.13821397721767426	0.020594142377376556	0.29368933497614463
Fantasy	Advice	other	-0.27563729882240295	-0.2068740874528885	-0.11918924003839493	-0.20566360652446747	-0.3387671709060669	-0.14972305297851562	-0.007971049286425114	-0.10921276360750198	0.19330778501479073
Fantasy	relationships	other	-0.29851728677749634	-0.12454439699649811	0.024790093302726746	-0.08442741632461548	-0.13656646013259888	-0.15221184492111206	0.0718572586774826	0.05754949524998665	0.21178384697979832
femalefashionadvice	breakingmom	female-focused	-0.07675807923078537	-0.10640475153923035	-0.054243192076683044	0.17949071526527405	0.08273151516914368	0.00612975237891078	0.010936887934803963	0.08835828304290771	0.4837312195976742
femalefashionadvice	BabyBumps	female-focused	0.3269980549812317	0.14883199334144592	0.31586316227912903	0.25065746903419495	0.3171595633029938	0.2491825670003891	0.18001465499401093	0.20590266585350037	0.4880696574678374
femalefashionadvice	explainlikeimfive	different	-0.12517400085926056	-0.1833895742893219	-0.15089383721351624	-0.45598626136779785	-0.27935776114463806	-0.242923766374588	-0.21102888882160187	-0.42919617891311646	0.2955731823630054
femalefashionadvice	xxfitness	female-focused	0.48292723298072815	0.4782083332538605	0.4885043203830719	0.3486662805080414	0.4565965235233307	0.42176520824432373	0.3279472291469574	0.41993021965026855	0.9567122894281227
femalefashionadvice	TwoXChromosomes	female-focused	-0.09181923419237137	-0.02627626806497574	0.015466789714992046	0.1562214195728302	0.10852564126253128	0.09582220762968063	0.10181964933872223	0.06012676656246185	0.5798345477369132
femalefashionadvice	Advice	different	-0.21393725275993347	-0.10175987333059311	-0.17507444322109222	0.04372306168079376	-0.024710772559046745	-0.06895099580287933	-0.1213221624493599	-0.0006356232333928347	0.6154334316255116
femalefashionadvice	relationships	different	-0.23669332265853882	-0.3182673752307892	-0.2346283197402954	-0.05772744119167328	-0.04185018688440323	-0.14776402711868286	-0.17738083004951477	-0.056539926677942276	0.7820200897234327
breakingmom	BabyBumps	female-focused	0.5380465388298035	0.6600440740585327	0.7761574983596802	0.787409245967865	0.8027051687240601	0.7373611927032471	0.6836057901382446	0.7984457612037659	0.8416357252934209
breakingmom	explainlikeimfive	different	-0.3287152051925659	-0.3933842182159424	-0.27347296476364136	-0.120551198720932	-0.2922583222389221	-0.1751750111579895	-0.1388448178768158	-0.2775243818759918	-0.06801161654480545
breakingmom	xxfitness	female-focused	0.20545706152915955	0.2256004363298416	0.2350970208644867	0.11793173104524612	0.17313848435878754	0.1699984222650528	0.12952789664268494	0.1812182515859604	0.48508217025082595
breakingmom	TwoXChromosomes	female-focused	-0.10100939124822617	-0.01458522118628025	0.20475131273269653	0.37757495045661926	0.26006561517715454	0.23486702144145966	0.163582444190979	0.28825491666793823	0.32255368172242216
breakingmom	Advice	different	0.2383049875497818	-0.060095567256212234	0.20830786228179932	0.29159224033355713	0.24784232676029205	0.3084764778614044	0.3101612329483032	0.32062068581581116	0.15877226859374985
breakingmom	relationships	different	0.22458554804325104	0.4218605160713196	0.45946386456489563	0.4260611832141876	0.3656436800956726	0.4443768858909607	0.4573461413383484	0.45025089383125305	0.41421377341147525
BabyBumps	explainlikeimfive	different	-0.1257544457912445	-0.4131745398044586	-0.32438692450523376	-0.13931523263454437	-0.22397902607917786	-0.13346515595912933	-0.009041923098266125	-0.21883204579353333	-0.045166950586818404
BabyBumps	xxfitness	female-focused	0.43333181738853455	0.4846988320350647	0.41201528906822205	0.38782331347465515	0.35573849081993103	0.3540093004703522	0.3418385684490204	0.35992494225502014	0.5138785493978681
BabyBumps	TwoXChromosomes	female-focused	0.2092237025499344	0.3300396800041199	0.28696414828300476	0.325810045003891	0.27226781845092773	0.3371905982494354	0.3925362527370453	0.2728809118270874	0.3787280079976986
BabyBumps	Advice	different	0.2057974636554718	0.05794474110007286	0.13876058161258698	0.14582981169223785	0.062039393931627274	0.14918504655361176	0.03063863143324852	0.10665431618690491	0.10134658694379131
BabyBumps	relationships	different	0.10155978798866272	0.43254679441452026	0.32948875427246094	0.1955057978630066	0.12059283256530762	0.21702732145786285	0.18185211718082428	0.19797492027282715	0.3902615400978208
explainlikeimfive	xxfitness	different	-0.03225187957286835	-0.09322597831487656	0.11862348765134811	-0.12760891020298004	0.013143503107130527	0.01802353747189045	-0.055909089744091034	-0.09550218284130096	0.3121767888079284
explainlikeimfive	TwoXChromosomes	different	0.4120415449142456	0.3455587327480316	0.4561154246330261	0.17719490826129913	0.4512515068054199	0.35997334122657776	0.4347611665725708	0.21253393590450287	0.33297690749064074
explainlikeimfive	Advice	general-interest	0.06252801418304443	0.16808444261550903	0.19943757355213165	-0.054584912955760956	-0.026537224650382996	-0.08307413011789322	0.03266602382063866	-0.025575924664735794	0.7259165918889879
explainlikeimfive	relationships	general-interest	-0.25940123200416565	0.04071897268295288	0.06385518610477448	-0.16900001466274261	-0.19908037781715393	-0.27824756503105164	-0.13734525442123413	-0.17474547028541565	0.481557684768366
xxfitness	TwoXChromosomes	female-focused	0.20671811699867249	0.1354595273733139	0.2224239856004715	0.1746288686990738	0.13584409654140472	0.18105098605155945	0.14017492532730103	0.08850975334644318	0.6185977130598723
xxfitness	Advice	different	0.06818138808012009	0.0872284322977066	0.1859208643436432	0.010908693075180054	0.10826212167739868	0.026463817805051804	0.0328439436852932	-0.03849072754383087	0.6313083826293315
xxfitness	relationships	different	-0.010108563117682934	0.07486627995967865	0.16318431496620178	-0.024191388860344887	0.0034983812365680933	-0.01658579707145691	0.0708017572760582	-0.05525955930352211	0.7983744903129502
TwoXChromosomes	Advice	different	0.3324584364891052	0.2884331941604614	0.3579596281051636	0.5893166065216064	0.4084761440753937	0.5101528763771057	0.36766189336776733	0.6056032180786133	0.4651678183541887
TwoXChromosomes	relationships	different	0.4840790033340454	0.5458810329437256	0.5200855731964111	0.6832936406135559	0.5008997321128845	0.5572844743728638	0.47284331917762756	0.716152012348175	0.6283579552553729
Advice	relationships	general-interest	0.6529693007469177	0.6097672581672668	0.730577826499939	0.8872695565223694	0.8812738060951233	0.8609068393707275	0.8232483267784119	0.8663983941078186	0.8709135885782978
